/* 11101 */ 00000100 0 1 0;
/* 11102 */ 00000100 0 1 0;
/* 11107 */ 00000100 0 1 0;
/* 11108 */ 00000100 0 1 0;
/* 11109 */ 00000100 0 1 0;
/* 11110 */ 00000100 0 1 0;
/* 11111 */ 00000100 0 1 0;
/* 11112 */ 00000100 0 1 0;
/* 11113 */ 00000100 0 1 0;
/* 11114 */ 00000100 0 1 0;
/* 11115 */ 00000100 0 1 0;
/* 11116 */ 00000100 0 1 0;
/* 11117 */ 00000100 0 1 0;
/* 11124 */ 00000100 0 1 0;
/* 11125 */ 00000100 0 1 0;
/* 11126 */ 00000100 0 0 1;
/* 11127 */ 00000100 0 0 1;
/* 11128 */ 00000100 0 0 1;
/* 11137 */ 00000100 0 1 0;
/* 11138 */ 00000100 0 1 0;
/* 11139 */ 00000100 0 1 0;
/* 11140 */ 00000100 0 1 0;
/* 11141 */ 00000100 0 1 0;
/* 11142 */ 00000100 0 1 0;
/* 11147 */ 00000100 0 1 0;
/* 11148 */ 00000100 0 1 0;
/* 11149 */ 00000100 0 1 0;
/* 11150 */ 00000100 0 1 0;
/* 11151 */ 00000100 0 0 1;
/* 11152 */ 00000100 0 0 1;
/* 11153 */ 00000100 0 0 1;
/* 11154 */ 00000100 0 0 1;
/* 11155 */ 00000100 0 0 1;
/* 11156 */ 00000100 0 0 1;
/* 11157 */ 00000100 0 0 1;
/* 11158 */ 00000100 0 0 1;
/* 11159 */ 00000100 0 0 1;
/* 11160 */ 00000100 0 0 1;
/* 11161 */ 00000100 0 0 1;
/* 11162 */ 00000100 0 0 1;
/* 11163 */ 00000100 0 0 1;
/* 11165 */ 00000100 0 0 1;
/* 11166 */ 00000100 0 0 1;
/* 11167 */ 00000100 0 0 1;
/* 11168 */ 00000100 0 0 1;
/* 11169 */ 00000100 0 0 1;
/* 11172 */ 00000100 0 0 1;
/* 11173 */ 00000100 0 0 1;
/* 11176 */ 00000100 0 0 1;
/* 11177 */ 00000100 0 0 1;
/* 11178 */ 00000100 0 0 1;
/* 11179 */ 00000100 0 0 1;
/* 11180 */ 00000100 0 0 1;
/* 11181 */ 00000100 0 0 1;
/* 11182 */ 00000100 0 0 1;
/* 11183 */ 00000100 0 0 1;
/* 11184 */ 00000100 0 0 1;
/* 11185 */ 00000100 0 0 1;
/* 11186 */ 00000100 0 0 1;
/* 11187 */ 00000100 0 0 1;
/* 11188 */ 00000100 0 0 1;
/* 11189 */ 00000100 0 0 1;
/* 11190 */ 00000100 0 0 1;
/* 11191 */ 00000100 0 0 1;
/* 11192 */ 00000100 0 0 1;
/* 11193 */ 00000100 0 0 1;
/* 11194 */ 00000100 0 0 1;
/* 11195 */ 00000100 0 0 1;
/* 11196 */ 00000100 0 0 1;
/* 11197 */ 00000100 0 0 1;
/* 11198 */ 00000100 0 0 1;
/* 11199 */ 00000100 0 0 1;
/* 11200 */ 00000100 0 0 1;
/* 11401 */ 00000010 0 1 0;
/* 11402 */ 00000010 0 1 0;
/* 11403 */ 00000010 0 1 0;
/* 11407 */ 00000010 0 1 0;
/* 11408 */ 00000010 0 1 0;
/* 11409 */ 00000010 0 1 0;
/* 11410 */ 00000010 0 1 0;
/* 11411 */ 00000010 0 1 0;
/* 11412 */ 00000010 0 1 0;
/* 11413 */ 00000010 0 1 0;
/* 11414 */ 00000010 0 1 0;
/* 11415 */ 00000010 0 1 0;
/* 11416 */ 00000010 0 1 0;
/* 11417 */ 00000010 0 1 0;
/* 11418 */ 00000010 0 1 0;
/* 11419 */ 00000010 0 1 0;
/* 11420 */ 00000010 0 1 0;
/* 11422 */ 00000010 0 1 0;
/* 11423 */ 00000010 0 1 0;
/* 11424 */ 00000010 0 1 0;
/* 11425 */ 00000010 0 1 0;
/* 11433 */ 00000010 0 1 0;
/* 11439 */ 00000010 0 1 0;
/* 11440 */ 00000010 0 1 0;
/* 11441 */ 00000010 0 1 0;
/* 11445 */ 00000010 0 1 0;
/* 11446 */ 00000010 0 1 0;
/* 11447 */ 00000010 0 1 0;
/* 11448 */ 00000010 0 1 0;
/* 11450 */ 00000010 0 1 0;
/* 11476 */ 00000100 0 0 1;
/* 11486 */ 00000010 0 1 0;
/* 11497 */ 00000010 0 1 0;
/* 11501 */ 00000100 0 0 1;
/* 11502 */ 00000100 0 0 1;
/* 11503 */ 00000100 0 0 1;
/* 11504 */ 00000100 0 0 1;
/* 11505 */ 00000100 0 0 1;
/* 11506 */ 00000100 0 0 1;
/* 11507 */ 00000100 0 0 1;
/* 11508 */ 00000100 0 0 1;
/* 11509 */ 00000100 0 0 1;
/* 11510 */ 00000100 0 0 1;
/* 11511 */ 00000100 0 0 1;
/* 11512 */ 00000100 0 0 1;
/* 11513 */ 00000100 0 0 1;
/* 11514 */ 00000100 0 0 1;
/* 11515 */ 00000100 0 0 1;
/* 11516 */ 00000100 0 0 1;
/* 11517 */ 00000100 0 0 1;
/* 11518 */ 00000100 0 0 1;
/* 11519 */ 00000100 0 0 1;
/* 11520 */ 00000100 0 0 1;
/* 11521 */ 00000100 0 0 1;
/* 11522 */ 00000100 0 0 1;
/* 11523 */ 00000100 0 0 1;
/* 11524 */ 00000100 0 0 1;
/* 11525 */ 00000100 0 0 1;
/* 11528 */ 00000100 0 0 1;
/* 11529 */ 00000100 0 0 1;
/* 11530 */ 00000100 0 0 1;
/* 11533 */ 00000100 0 0 1;
/* 11534 */ 00000100 0 0 1;
/* 11540 */ 00000100 0 0 1;
/* 11542 */ 00000100 0 0 1;
/* 11543 */ 00000100 0 0 1;
/* 11544 */ 00000100 0 0 1;
/* 11545 */ 00000100 0 0 1;
/* 11546 */ 00000100 0 0 1;
/* 11547 */ 00000100 0 0 1;
/* 11548 */ 00000100 0 0 1;
/* 11549 */ 00000100 0 0 1;
/* 11576 */ 00000100 0 0 1;
/* 11577 */ 00000100 0 0 1;
/* 11578 */ 00000100 0 0 1;
/* 11579 */ 00000100 0 0 1;
/* 11580 */ 00000100 0 0 1;
/* 11581 */ 00000100 0 0 1;
/* 11582 */ 00000100 0 0 1;
/* 11583 */ 00000100 0 0 1;
/* 11584 */ 00000100 0 0 1;
/* 11585 */ 00000100 0 0 1;
/* 11586 */ 00000100 0 0 1;
/* 11587 */ 00000100 0 0 1;
/* 11588 */ 00000100 0 0 1;
/* 11589 */ 00000100 0 0 1;
/* 11590 */ 00000100 0 0 1;
/* 11591 */ 00000100 0 0 1;
/* 11592 */ 00000100 0 0 1;
/* 11701 */ 00000100 0 0 1;
/* 11702 */ 00000100 0 0 1;
/* 11703 */ 00000100 0 0 1;
/* 11704 */ 00000100 0 0 1;
/* 11705 */ 00000100 0 0 1;
/* 11706 */ 00000100 0 0 1;
/* 11707 */ 00000100 0 0 1;
/* 11708 */ 00000100 0 0 1;
/* 11710 */ 00000100 0 0 1;
/* 11711 */ 00000100 0 0 1;
/* 11713 */ 00000100 0 0 1;
/* 11714 */ 00000100 0 0 1;
/* 11715 */ 00000100 0 0 1;
/* 11716 */ 00000100 0 0 1;
/* 11723 */ 00000110 0 1 0;
/* 11724 */ 00000100 0 1 0;
/* 11725 */ 00000100 0 1 0;
/* 11726 */ 00000100 0 1 0;
/* 11727 */ 00000100 0 1 0;
/* 11728 */ 00000100 0 1 0;
/* 11729 */ 00000100 0 0 1;
/* 11730 */ 00000100 0 0 1;
/* 11731 */ 00000100 0 0 1;
/* 11733 */ 00000100 0 0 1;
/* 11734 */ 00000100 0 0 1;
/* 11735 */ 00000100 0 0 1;
/* 11736 */ 00000100 0 0 1;
/* 11737 */ 00000100 0 0 1;
/* 11738 */ 00000100 0 0 1;
/* 11739 */ 00000100 0 0 1;
/* 11740 */ 00000100 0 0 1;
/* 11741 */ 00000100 0 0 1;
/* 11742 */ 00000100 0 0 1;
/* 11745 */ 00000100 0 0 1;
/* 11747 */ 00000100 0 0 1;
/* 11748 */ 00000100 0 0 1;
/* 11749 */ 00000100 0 0 1;
/* 11750 */ 00000100 0 0 1;
/* 11751 */ 00000100 0 0 1;
/* 11752 */ 00000100 0 0 1;
/* 11753 */ 00000100 0 0 1;
/* 11754 */ 00000100 0 0 1;
/* 11756 */ 00000100 0 0 1;
/* 11757 */ 00000100 0 0 1;
/* 11758 */ 00000100 0 0 1;
/* 11759 */ 00000100 0 0 1;
/* 11760 */ 00000100 0 0 1;
/* 11761 */ 00000100 0 0 1;
/* 11762 */ 00000100 0 0 1;
/* 11763 */ 00000100 0 0 1;
/* 11764 */ 00000100 0 0 1;
/* 11765 */ 00000100 0 0 1;
/* 11766 */ 00000100 0 0 1;
/* 11767 */ 00000100 0 0 1;
/* 11768 */ 00000100 0 0 1;
/* 11769 */ 00000100 0 0 1;
/* 11770 */ 00000100 0 0 1;
/* 11771 */ 00000100 0 0 1;
/* 11772 */ 00000100 0 0 1;
/* 11776 */ 00000100 0 0 1;
/* 11777 */ 00000100 0 0 1;
/* 11778 */ 00000100 0 0 1;
/* 11779 */ 00000100 0 0 1;
/* 11780 */ 00000100 0 0 1;
/* 11781 */ 00000100 0 0 1;
/* 11785 */ 00000100 0 0 1;
/* 11786 */ 00000100 0 0 1;
/* 11787 */ 00000100 0 0 1;
/* 11788 */ 00000100 0 0 1;
/* 11789 */ 00000100 0 0 1;
/* 11790 */ 00000100 0 0 1;
/* 11791 */ 00000100 0 0 1;
/* 11792 */ 00000100 0 0 1;
/* 11793 */ 00000100 0 0 1;
/* 11794 */ 00000100 0 0 1;
/* 11795 */ 00000100 0 0 1;
/* 11796 */ 00000100 0 0 1;
/* 11797 */ 00000100 0 0 1;
/* 11798 */ 00000100 0 0 1;
/* 11799 */ 00000100 0 0 1;
/* 11800 */ 00000100 0 0 1;
/* 11911 */ 00000010 0 1 0;
/* 11912 */ 00000010 0 0 1;
/* 11913 */ 00000010 0 0 1;
/* 11914 */ 00000010 0 0 1;
/* 11915 */ 00000010 0 0 1;
/* 11916 */ 00000010 0 0 1;
/* 11950 */ 00000010 0 0 1;
/* 11972 */ 00000010 0 0 1;
/* 11973 */ 00000010 0 0 1;
/* 11974 */ 00000010 0 0 1;
/* 11976 */ 00000010 0 0 1;
/* 11977 */ 00000010 0 0 1;
/* 11978 */ 00000010 0 0 1;
/* 11979 */ 00000010 0 0 1;
/* 11980 */ 00000010 0 0 1;
/* 11981 */ 00000010 0 0 1;
/* 11982 */ 00000010 0 0 1;
/* 11983 */ 00000010 0 0 1;
/* 11984 */ 00000010 0 0 1;
/* 11985 */ 00000010 0 0 1;
/* 11986 */ 00000010 0 0 1;
/* 11987 */ 00000010 0 0 1;
/* 11988 */ 00000010 0 0 1;
/* 11989 */ 00000010 0 0 1;
/* 11990 */ 00000010 0 0 1;
/* 11991 */ 00000010 0 0 1;
/* 11992 */ 00000010 0 0 1;
/* 11993 */ 00000010 0 0 1;
/* 11994 */ 00000010 0 0 1;
/* 11995 */ 00000010 0 0 1;
/* 11996 */ 00000010 0 0 1;
/* 11997 */ 00000010 0 0 1;
/* 11998 */ 00000010 0 0 1;
/* 11999 */ 00000010 0 0 1;
/* 12000 */ 00000010 0 0 1;
/* 12114 */ 00000010 0 1 0;
/* 12116 */ 00000010 0 1 0;
/* 12117 */ 00000010 0 1 0;
/* 12118 */ 00000010 0 1 0;
/* 12120 */ 00000010 0 1 0;
/* 12121 */ 00000011 0 1 0;
/* 12124 */ 00000010 0 0 1;
/* 12148 */ 00000010 0 1 0;
/* 12163 */ 00000010 0 0 1;
/* 12164 */ 00000010 0 0 1;
/* 12165 */ 00000010 0 0 1;
/* 12166 */ 00000010 0 0 1;
/* 12199 */ 00000010 0 0 1;
/* 12200 */ 00000010 0 0 1;
/* 12601 */ 00000100 0 1 0;
/* 12602 */ 00000100 0 1 0;
/* 12604 */ 00000100 0 1 0;
/* 12605 */ 00000100 0 1 0;
/* 12606 */ 00000100 0 1 0;
/* 12607 */ 00000110 0 1 0;
/* 12608 */ 00000100 0 1 0;
/* 12610 */ 00000100 0 1 0;
/* 12611 */ 00000110 0 1 0;
/* 12612 */ 00000100 0 1 0;
/* 12613 */ 00000100 0 1 0;
/* 12614 */ 00000100 0 1 0;
/* 12615 */ 00000100 0 1 0;
/* 12616 */ 00000100 0 1 0;
/* 12617 */ 00000100 0 1 0;
/* 12618 */ 00000100 0 0 1;
/* 12619 */ 00000100 0 0 1;
/* 12620 */ 00000100 0 0 1;
/* 12622 */ 00000100 0 0 1;
/* 12623 */ 00000100 0 0 1;
/* 12624 */ 00000100 0 0 1;
/* 12626 */ 00000100 0 0 1;
/* 12627 */ 00000100 0 0 1;
/* 12628 */ 00000100 0 0 1;
/* 12629 */ 00000100 0 0 1;
/* 12630 */ 00000100 0 0 1;
/* 12631 */ 00000100 0 0 1;
/* 12632 */ 00000100 0 0 1;
/* 12633 */ 00000100 0 0 1;
/* 12634 */ 00000100 0 0 1;
/* 12635 */ 00000100 0 0 1;
/* 12636 */ 00000100 0 0 1;
/* 12637 */ 00000100 0 0 1;
/* 12639 */ 00000100 0 1 0;
/* 12640 */ 00000100 0 1 0;
/* 12641 */ 00000100 0 0 1;
/* 12642 */ 00000100 0 0 1;
/* 12643 */ 00000100 0 0 1;
/* 12644 */ 00000100 0 0 1;
/* 12645 */ 00000100 0 0 1;
/* 12646 */ 00000100 0 0 1;
/* 12647 */ 00000100 0 0 1;
/* 12649 */ 00000100 0 1 0;
/* 12650 */ 00000100 0 1 0;
/* 12658 */ 00000110 0 0 1;
/* 12659 */ 00000100 0 0 1;
/* 12660 */ 00000100 0 0 1;
/* 12661 */ 00000100 0 0 1;
/* 12662 */ 00000100 0 0 1;
/* 12663 */ 00000100 0 0 1;
/* 12664 */ 00000100 0 0 1;
/* 12665 */ 00000100 0 0 1;
/* 12666 */ 00000100 0 1 0;
/* 12670 */ 00000100 0 1 0;
/* 12671 */ 00000100 0 1 0;
/* 12674 */ 00000100 0 1 0;
/* 12675 */ 00000100 0 1 0;
/* 12676 */ 00000100 0 0 1;
/* 12677 */ 00000100 0 0 1;
/* 12678 */ 00000100 0 0 1;
/* 12679 */ 00000100 0 0 1;
/* 12680 */ 00000100 0 0 1;
/* 12681 */ 00000100 0 0 1;
/* 12682 */ 00000100 0 0 1;
/* 12683 */ 00000100 0 0 1;
/* 12684 */ 00000100 0 0 1;
/* 12685 */ 00000100 0 0 1;
/* 12686 */ 00000100 0 0 1;
/* 12687 */ 00000100 0 0 1;
/* 12688 */ 00000100 0 0 1;
/* 12689 */ 00000100 0 0 1;
/* 12690 */ 00000100 0 0 1;
/* 12691 */ 00000100 0 0 1;
/* 12692 */ 00000100 0 0 1;
/* 12693 */ 00000100 0 0 1;
/* 12694 */ 00000100 0 0 1;
/* 12695 */ 00000100 0 0 1;
/* 12696 */ 00000100 0 0 1;
/* 12697 */ 00000100 0 0 1;
/* 12699 */ 00000100 0 0 1;
/* 12700 */ 00000100 0 0 1;
/* 12715 */ 00000010 0 0 1;
/* 12720 */ 00000010 0 1 0;
/* 12721 */ 00000010 0 1 0;
/* 12723 */ 00000010 0 1 0;
/* 12743 */ 00000010 0 0 1;
/* 12745 */ 00000010 0 0 1;
/* 12746 */ 00000010 0 0 1;
/* 12796 */ 00000010 0 0 1;
/* 12801 */ 00000100 0 0 1;
/* 12802 */ 00000100 0 0 1;
/* 12803 */ 00000100 0 1 0;
/* 12804 */ 00000100 0 1 0;
/* 12805 */ 00000100 0 1 0;
/* 12806 */ 00000100 0 1 0;
/* 12807 */ 00000100 0 1 0;
/* 12808 */ 00000100 0 1 0;
/* 12809 */ 00000100 0 1 0;
/* 12810 */ 00000100 0 1 0;
/* 12811 */ 00000100 0 1 0;
/* 12812 */ 00000100 0 0 1;
/* 12813 */ 00000100 0 0 1;
/* 12814 */ 00000100 0 0 1;
/* 12815 */ 00000100 0 0 1;
/* 12816 */ 00000100 0 0 1;
/* 12817 */ 00000100 0 0 1;
/* 12818 */ 00000100 0 0 1;
/* 12819 */ 00000100 0 0 1;
/* 12820 */ 00000100 0 0 1;
/* 12821 */ 00000100 0 0 1;
/* 12822 */ 00000100 0 0 1;
/* 12824 */ 00000100 0 1 0;
/* 12826 */ 00000100 0 1 0;
/* 12827 */ 00000100 0 1 0;
/* 12830 */ 00000100 0 1 0;
/* 12831 */ 00000100 0 1 0;
/* 12832 */ 00000100 0 1 0;
/* 12833 */ 00000100 0 1 0;
/* 12834 */ 00000100 0 1 0;
/* 12835 */ 00000100 0 1 0;
/* 12836 */ 00000100 0 0 1;
/* 12837 */ 00000100 0 0 1;
/* 12838 */ 00000100 0 0 1;
/* 12839 */ 00000100 0 0 1;
/* 12840 */ 00000100 0 0 1;
/* 12841 */ 00000100 0 0 1;
/* 12842 */ 00000100 0 0 1;
/* 12843 */ 00000100 0 0 1;
/* 12844 */ 00000100 0 0 1;
/* 12845 */ 00000100 0 0 1;
/* 12846 */ 00000100 0 0 1;
/* 12847 */ 00000100 0 0 1;
/* 12848 */ 00000100 0 0 1;
/* 12849 */ 00000100 0 0 1;
/* 12851 */ 00000100 0 0 1;
/* 12852 */ 00000100 0 0 1;
/* 12853 */ 00000100 0 0 1;
/* 12854 */ 00000100 0 0 1;
/* 12855 */ 00000100 0 0 1;
/* 12856 */ 00000100 0 0 1;
/* 12857 */ 00000100 0 0 1;
/* 12858 */ 00000100 0 0 1;
/* 12859 */ 00000100 0 0 1;
/* 12860 */ 00000100 0 0 1;
/* 12861 */ 00000100 0 0 1;
/* 12862 */ 00000100 0 0 1;
/* 12863 */ 00000100 0 0 1;
/* 12865 */ 00000100 0 0 1;
/* 12866 */ 00000100 0 0 1;
/* 12867 */ 00000100 0 0 1;
/* 12868 */ 00000100 0 0 1;
/* 12869 */ 00000100 0 0 1;
/* 12870 */ 00000100 0 0 1;
/* 12871 */ 00000100 0 0 1;
/* 12872 */ 00000100 0 0 1;
/* 12873 */ 00000100 0 0 1;
/* 12874 */ 00000100 0 0 1;
/* 12875 */ 00000100 0 0 1;
/* 12876 */ 00000100 0 0 1;
/* 12877 */ 00000100 0 0 1;
/* 12878 */ 00000100 0 0 1;
/* 12879 */ 00000100 0 0 1;
/* 12880 */ 00000100 0 0 1;
/* 12881 */ 00000100 0 0 1;
/* 12882 */ 00000100 0 0 1;
/* 12883 */ 00000100 0 0 1;
/* 12884 */ 00000100 0 0 1;
/* 12885 */ 00000100 0 0 1;
/* 12886 */ 00000100 0 0 1;
/* 12887 */ 00000100 0 0 1;
/* 12888 */ 00000100 0 0 1;
/* 12889 */ 00000100 0 0 1;
/* 12890 */ 00000100 0 0 1;
/* 12891 */ 00000100 0 0 1;
/* 12892 */ 00000100 0 0 1;
/* 12893 */ 00000100 0 0 1;
/* 12894 */ 00000100 0 0 1;
/* 12895 */ 00000100 0 0 1;
/* 12896 */ 00000100 0 0 1;
/* 12898 */ 00000100 0 0 1;
/* 12899 */ 00000100 0 0 1;
/* 12900 */ 00000100 0 0 1;
/* 12901 */ 00000010 0 0 1;
/* 12902 */ 00000010 0 0 1;
/* 12903 */ 00000010 0 0 1;
/* 12904 */ 00000010 0 0 1;
/* 12905 */ 00000010 0 0 1;
/* 12906 */ 00000010 0 0 1;
/* 12907 */ 00000010 0 0 1;
/* 12908 */ 00000010 0 0 1;
/* 12909 */ 00000010 0 0 1;
/* 12910 */ 00000010 0 0 1;
/* 12911 */ 00000010 0 0 1;
/* 12912 */ 00000100 0 0 1;
/* 12913 */ 00000100 0 0 1;
/* 12914 */ 00000100 0 0 1;
/* 12915 */ 00000100 0 0 1;
/* 12916 */ 00000100 0 0 1;
/* 12917 */ 00000100 0 0 1;
/* 12918 */ 00000100 0 0 1;
/* 12919 */ 00000100 0 0 1;
/* 12920 */ 00000100 0 0 1;
/* 12922 */ 00000100 0 0 1;
/* 12923 */ 00000100 0 0 1;
/* 12924 */ 00000100 0 0 1;
/* 12925 */ 00000100 0 0 1;
/* 12926 */ 00000100 0 1 0;
/* 12927 */ 00000100 0 1 0;
/* 12928 */ 00000100 0 1 0;
/* 12930 */ 00000100 0 1 0;
/* 12931 */ 00000100 0 1 0;
/* 12932 */ 00000100 0 1 0;
/* 12933 */ 00000100 0 1 0;
/* 12934 */ 00000100 0 1 0;
/* 12935 */ 00000100 0 1 0;
/* 12936 */ 00000100 0 1 0;
/* 12942 */ 00000100 0 1 0;
/* 12950 */ 00000100 0 0 1;
/* 12952 */ 00000100 0 0 1;
/* 12953 */ 00000010 0 0 1;
/* 12954 */ 00000010 0 0 1;
/* 12955 */ 00000010 0 0 1;
/* 12956 */ 00000010 0 0 1;
/* 12957 */ 00000010 0 1 0;
/* 12959 */ 00000010 0 1 0;
/* 12960 */ 00000010 0 1 0;
/* 12967 */ 00000010 0 1 0;
/* 12968 */ 00000010 0 1 0;
/* 12969 */ 00000010 0 1 0;
/* 12970 */ 00000010 0 1 0;
/* 12971 */ 00000010 0 1 0;
/* 12974 */ 00000010 0 1 0;
/* 12975 */ 00000010 0 1 0;
/* 12976 */ 00000100 0 0 1;
/* 12977 */ 00000100 0 0 1;
/* 12978 */ 00000100 0 0 1;
/* 12980 */ 00000010 0 0 1;
/* 12981 */ 00000010 0 0 1;
/* 12982 */ 00000010 0 0 1;
/* 12983 */ 00000010 0 0 1;
/* 12984 */ 00000010 0 0 1;
/* 12985 */ 00000010 0 0 1;
/* 12986 */ 00000100 0 1 0;
/* 12987 */ 00000100 0 1 0;
/* 12988 */ 00000100 0 1 0;
/* 12989 */ 00000100 0 1 0;
/* 12990 */ 00000100 0 1 0;
/* 12992 */ 00000100 0 1 0;
/* 12996 */ 00000100 0 0 1;
/* 1307 */ 01000000 0 1 0;
/* 1311 */ 01000000 0 1 0;
/* 1312 */ 01000000 0 1 0;
/* 1314 */ 01000000 0 1 0;
/* 1316 */ 01000000 0 1 0;
/* 1317 */ 01000000 0 1 0;
/* 1318 */ 01000000 0 1 0;
/* 1319 */ 01000000 0 1 0;
/* 1321 */ 01000000 0 1 0;
/* 1323 */ 01000000 0 1 0;
/* 1325 */ 01000000 0 1 0;
/* 1326 */ 01000000 0 1 0;
/* 1327 */ 01000000 0 1 0;
/* 1329 */ 01000000 0 1 0;
/* 1330 */ 01000000 0 1 0;
/* 1333 */ 01000000 0 1 0;
/* 1335 */ 01000000 0 1 0;
/* 1336 */ 01000000 0 1 0;
/* 1337 */ 01100000 0 1 0;
/* 1338 */ 01000000 0 1 0;
/* 13387 */ 00001000 0 0 1;
/* 1339 */ 01000000 0 1 0;
/* 1340 */ 01000000 0 1 0;
/* 13401 */ 00000100 0 0 1;
/* 13402 */ 00000100 0 0 1;
/* 13403 */ 00000100 0 0 1;
/* 13404 */ 00000100 0 0 1;
/* 13405 */ 00000100 0 0 1;
/* 13406 */ 00000100 0 0 1;
/* 13407 */ 00000100 0 0 1;
/* 13408 */ 00000100 0 0 1;
/* 13409 */ 00000100 0 0 1;
/* 13410 */ 00000100 0 0 1;
/* 1342 */ 01000000 0 1 0;
/* 13426 */ 00001000 0 0 1;
/* 13427 */ 00001000 0 0 1;
/* 13428 */ 00001000 0 0 1;
/* 13430 */ 00001000 0 0 1;
/* 13431 */ 00001000 0 0 1;
/* 13432 */ 00001000 0 0 1;
/* 13433 */ 00001000 0 0 1;
/* 13434 */ 00001000 0 0 1;
/* 13435 */ 00001000 0 0 1;
/* 13436 */ 00001000 0 0 1;
/* 13437 */ 00001000 0 0 1;
/* 13438 */ 00001000 0 0 1;
/* 13439 */ 00001000 0 0 1;
/* 1344 */ 01000000 0 1 0;
/* 13440 */ 00001000 0 0 1;
/* 13441 */ 00001000 0 0 1;
/* 13442 */ 00001000 0 0 1;
/* 13443 */ 00001000 0 0 1;
/* 13444 */ 00001000 0 0 1;
/* 13445 */ 00001000 0 0 1;
/* 13446 */ 00001000 0 0 1;
/* 13447 */ 00001000 0 0 1;
/* 13448 */ 00001000 0 0 1;
/* 13449 */ 00001000 0 0 1;
/* 1345 */ 01000000 0 1 0;
/* 13450 */ 00001000 0 0 1;
/* 13451 */ 00001000 0 0 1;
/* 13453 */ 00001000 0 0 1;
/* 13454 */ 00001000 0 0 1;
/* 13455 */ 00001000 0 0 1;
/* 13456 */ 00001000 0 0 1;
/* 13457 */ 00001000 0 0 1;
/* 13458 */ 00001000 0 0 1;
/* 13459 */ 00001000 0 0 1;
/* 13460 */ 00001000 0 0 1;
/* 13461 */ 00001000 0 0 1;
/* 13462 */ 00001000 0 0 1;
/* 13463 */ 00001000 0 0 1;
/* 13464 */ 00001000 0 0 1;
/* 13465 */ 00001000 0 0 1;
/* 13466 */ 00001000 0 0 1;
/* 13467 */ 00001000 0 0 1;
/* 13468 */ 00001000 0 0 1;
/* 13469 */ 00001000 0 0 1;
/* 13470 */ 00001100 0 0 1;
/* 13471 */ 00001000 0 0 1;
/* 13472 */ 00001000 0 0 1;
/* 13473 */ 00001000 0 0 1;
/* 13474 */ 00001000 0 0 1;
/* 13475 */ 00001000 0 0 1;
/* 13476 */ 00001000 0 0 1;
/* 13477 */ 00001000 0 0 1;
/* 13478 */ 00001000 0 0 1;
/* 13479 */ 00001000 0 0 1;
/* 13480 */ 00001000 0 0 1;
/* 13481 */ 00001000 0 0 1;
/* 13482 */ 00001000 0 0 1;
/* 13483 */ 00001000 0 0 1;
/* 13484 */ 00001000 0 0 1;
/* 13485 */ 00001000 0 0 1;
/* 13486 */ 00001000 0 0 1;
/* 13487 */ 00001000 0 0 1;
/* 13488 */ 00001000 0 0 1;
/* 13489 */ 00001000 0 0 1;
/* 13490 */ 00001000 0 0 1;
/* 13491 */ 00001000 0 0 1;
/* 13492 */ 00001000 0 0 1;
/* 13493 */ 00001000 0 0 1;
/* 13494 */ 00001000 0 0 1;
/* 13495 */ 00001000 0 0 1;
/* 13496 */ 00001000 0 0 1;
/* 13497 */ 00001000 0 0 1;
/* 13498 */ 00001000 0 0 1;
/* 13499 */ 00001000 0 0 1;
/* 1350 */ 01000000 0 1 0;
/* 13500 */ 00001000 0 0 1;
/* 1353 */ 01000000 0 1 0;
/* 1355 */ 01000000 0 1 0;
/* 13726 */ 00000100 0 1 0;
/* 13728 */ 00000100 0 1 0;
/* 13729 */ 00000100 0 1 0;
/* 1373 */ 01000000 0 0 1;
/* 13731 */ 00000100 0 1 0;
/* 13732 */ 00000100 0 1 0;
/* 13733 */ 00000100 0 1 0;
/* 13734 */ 00000100 0 1 0;
/* 13735 */ 00000100 0 1 0;
/* 13736 */ 00000100 0 1 0;
/* 13737 */ 00000100 0 1 0;
/* 13738 */ 00000100 0 1 0;
/* 13739 */ 00000100 0 1 0;
/* 13740 */ 00000100 0 1 0;
/* 13741 */ 00000100 0 1 0;
/* 13742 */ 00000100 0 1 0;
/* 13743 */ 00000100 0 1 0;
/* 13744 */ 00000100 0 1 0;
/* 13745 */ 00000100 0 1 0;
/* 13747 */ 00000100 0 1 0;
/* 13748 */ 00000100 0 1 0;
/* 13749 */ 00000100 0 1 0;
/* 1375 */ 01000000 0 0 1;
/* 1377 */ 01000000 0 0 1;
/* 1378 */ 01000000 0 0 1;
/* 1379 */ 01000000 0 0 1;
/* 1380 */ 01000000 0 0 1;
/* 1381 */ 01000000 0 0 1;
/* 1382 */ 01000000 0 0 1;
/* 1383 */ 01000000 0 0 1;
/* 1384 */ 01000000 0 0 1;
/* 13845 */ 00001000 0 0 1;
/* 1385 */ 01000000 0 0 1;
/* 1386 */ 01000000 0 0 1;
/* 1387 */ 01000000 0 0 1;
/* 1388 */ 01000000 0 0 1;
/* 1389 */ 01000000 0 0 1;
/* 1390 */ 01000000 0 0 1;
/* 13902 */ 00001000 0 0 1;
/* 13903 */ 00001000 0 0 1;
/* 13904 */ 00001000 0 0 1;
/* 13905 */ 00000100 0 0 1;
/* 13906 */ 00000100 0 0 1;
/* 13907 */ 00000100 0 0 1;
/* 13908 */ 00000100 0 0 1;
/* 13909 */ 00000100 0 0 1;
/* 1391 */ 01000000 0 0 1;
/* 13910 */ 00000100 0 0 1;
/* 13911 */ 00000100 0 0 1;
/* 13912 */ 00000100 0 0 1;
/* 13913 */ 00000100 0 0 1;
/* 13914 */ 00000100 0 0 1;
/* 13915 */ 00000100 0 0 1;
/* 13916 */ 00000100 0 0 1;
/* 13917 */ 00000100 0 0 1;
/* 13918 */ 00000100 0 0 1;
/* 13919 */ 00000101 0 0 1;
/* 1392 */ 01000000 0 0 1;
/* 13920 */ 00000100 0 0 1;
/* 13921 */ 00000100 0 0 1;
/* 13923 */ 00001000 0 0 1;
/* 13924 */ 00001000 0 0 1;
/* 13925 */ 00001000 0 0 1;
/* 13926 */ 00000100 0 0 1;
/* 13927 */ 00000100 0 0 1;
/* 13928 */ 00000100 0 0 1;
/* 13929 */ 00000100 0 0 1;
/* 1393 */ 01000000 0 0 1;
/* 13930 */ 00000100 0 0 1;
/* 13931 */ 00000100 0 0 1;
/* 13932 */ 00000100 0 0 1;
/* 13933 */ 00000100 0 0 1;
/* 13934 */ 00000100 0 0 1;
/* 13935 */ 00000100 0 0 1;
/* 13938 */ 00000100 0 1 0;
/* 13939 */ 00000100 0 1 0;
/* 1394 */ 01000000 0 0 1;
/* 13940 */ 00000100 0 1 0;
/* 13943 */ 00000100 0 1 0;
/* 13944 */ 00000100 0 1 0;
/* 13946 */ 00000100 0 1 0;
/* 13947 */ 00000100 0 1 0;
/* 13948 */ 00000110 0 1 0;
/* 13949 */ 00000100 0 1 0;
/* 1395 */ 01000000 0 0 1;
/* 13951 */ 00000100 0 0 1;
/* 13952 */ 00000100 0 0 1;
/* 13953 */ 00000100 0 0 1;
/* 13954 */ 00000100 0 0 1;
/* 13955 */ 00000100 0 0 1;
/* 13956 */ 00000100 0 0 1;
/* 13957 */ 00000100 0 0 1;
/* 13958 */ 00000100 0 0 1;
/* 13959 */ 00000100 0 0 1;
/* 1396 */ 01000000 0 0 1;
/* 13960 */ 00000100 0 0 1;
/* 13961 */ 00000100 0 0 1;
/* 13962 */ 00000100 0 0 1;
/* 13963 */ 00000100 0 0 1;
/* 13964 */ 00000100 0 0 1;
/* 13965 */ 00000100 0 0 1;
/* 13966 */ 00000100 0 0 1;
/* 13967 */ 00000100 0 0 1;
/* 13968 */ 00000100 0 0 1;
/* 13969 */ 00000100 0 0 1;
/* 1397 */ 01000000 0 0 1;
/* 13970 */ 00000100 0 0 1;
/* 13971 */ 00000100 0 0 1;
/* 13972 */ 00000100 0 0 1;
/* 13974 */ 00000100 0 0 1;
/* 13975 */ 00000100 0 0 1;
/* 13976 */ 00000100 0 0 1;
/* 13978 */ 00000100 0 0 1;
/* 13979 */ 00000100 0 0 1;
/* 1398 */ 01000000 0 0 1;
/* 13980 */ 00000100 0 0 1;
/* 13981 */ 00000100 0 0 1;
/* 13982 */ 00000100 0 0 1;
/* 13984 */ 00000100 0 0 1;
/* 13985 */ 00000100 0 0 1;
/* 13986 */ 00000100 0 0 1;
/* 13987 */ 00000100 0 0 1;
/* 13989 */ 00000100 0 0 1;
/* 1399 */ 01000000 0 0 1;
/* 13990 */ 00000100 0 0 1;
/* 13991 */ 00000100 0 0 1;
/* 13992 */ 00000100 0 0 1;
/* 13993 */ 00000100 0 0 1;
/* 13994 */ 00000100 0 0 1;
/* 13995 */ 00000100 0 0 1;
/* 13996 */ 00000110 0 0 1;
/* 13997 */ 00000100 0 0 1;
/* 13998 */ 00000100 0 0 1;
/* 13999 */ 00000100 0 0 1;
/* 1400 */ 01000000 0 0 1;
/* 14000 */ 00000100 0 0 1;
/* 1401 */ 01000100 0 0 1;
/* 1402 */ 01000000 0 0 1;
/* 1403 */ 01000000 0 0 1;
/* 1404 */ 01000000 0 0 1;
/* 1405 */ 01000000 0 0 1;
/* 1406 */ 01000000 0 0 1;
/* 1407 */ 01000000 0 0 1;
/* 14070 */ 00001000 0 0 1;
/* 14071 */ 00001000 0 0 1;
/* 14072 */ 00001000 0 0 1;
/* 14074 */ 00001000 0 0 1;
/* 14075 */ 00001000 0 0 1;
/* 14076 */ 00001000 0 0 1;
/* 14077 */ 00001000 0 0 1;
/* 14078 */ 00001000 0 0 1;
/* 14079 */ 00001000 0 0 1;
/* 1408 */ 01000000 0 0 1;
/* 14080 */ 00001000 0 0 1;
/* 14081 */ 00001000 0 0 1;
/* 14082 */ 00001000 0 0 1;
/* 14083 */ 00001000 0 0 1;
/* 14084 */ 00001000 0 0 1;
/* 14085 */ 00001000 0 0 1;
/* 14086 */ 00001000 0 0 1;
/* 14087 */ 00001000 0 0 1;
/* 14088 */ 00001000 0 0 1;
/* 1409 */ 01000000 0 0 1;
/* 14090 */ 00001000 0 0 1;
/* 14091 */ 00001000 0 0 1;
/* 14092 */ 00001000 0 0 1;
/* 14093 */ 00001000 0 0 1;
/* 14094 */ 00001000 0 0 1;
/* 14095 */ 00001000 0 0 1;
/* 14096 */ 00001000 0 0 1;
/* 14097 */ 00001000 0 0 1;
/* 14098 */ 00001000 0 0 1;
/* 14099 */ 00001000 0 0 1;
/* 1410 */ 01000000 0 0 1;
/* 14100 */ 00001000 0 0 1;
/* 1411 */ 01000000 0 0 1;
/* 1412 */ 01000000 0 0 1;
/* 1413 */ 01000000 0 0 1;
/* 1414 */ 01000000 0 0 1;
/* 14147 */ 00001000 1 0 0;
/* 1415 */ 01000000 0 0 1;
/* 1416 */ 01000000 0 0 1;
/* 1417 */ 01000000 0 0 1;
/* 1418 */ 01000000 0 0 1;
/* 1419 */ 01000000 0 0 1;
/* 1420 */ 01000000 0 0 1;
/* 14201 */ 00001000 0 1 0;
/* 1421 */ 01000000 0 0 1;
/* 1422 */ 01000000 0 0 1;
/* 1423 */ 01000000 0 0 1;
/* 1424 */ 01000000 0 0 1;
/* 1425 */ 01000000 0 0 1;
/* 1426 */ 01000000 0 0 1;
/* 1427 */ 01000000 0 0 1;
/* 14270 */ 00001000 0 1 0;
/* 1428 */ 01000000 0 0 1;
/* 1429 */ 01000000 0 0 1;
/* 14292 */ 00001000 0 1 0;
/* 1430 */ 01000000 0 0 1;
/* 14301 */ 00000100 0 0 1;
/* 14302 */ 00000100 0 0 1;
/* 14303 */ 00000100 0 0 1;
/* 14304 */ 00000100 0 0 1;
/* 14305 */ 00000100 0 0 1;
/* 14306 */ 00000100 0 0 1;
/* 14307 */ 00000100 0 0 1;
/* 14308 */ 00000100 0 0 1;
/* 14309 */ 00000100 0 0 1;
/* 1431 */ 01000000 0 0 1;
/* 14310 */ 00000100 0 0 1;
/* 14311 */ 00000100 0 0 1;
/* 14312 */ 00000100 0 0 1;
/* 14313 */ 00000100 0 0 1;
/* 14314 */ 00000100 0 0 1;
/* 14315 */ 00000100 0 0 1;
/* 14316 */ 00000100 0 0 1;
/* 14317 */ 00000100 0 0 1;
/* 14318 */ 00000100 0 0 1;
/* 14319 */ 00000100 0 0 1;
/* 1432 */ 01000000 0 0 1;
/* 14323 */ 00000100 0 0 1;
/* 14325 */ 00000100 0 0 1;
/* 14326 */ 00000100 0 0 1;
/* 14327 */ 00000100 0 0 1;
/* 14328 */ 00000100 0 0 1;
/* 14329 */ 00000100 0 0 1;
/* 1433 */ 01000000 0 0 1;
/* 14330 */ 00000100 0 0 1;
/* 14331 */ 00000100 0 0 1;
/* 14332 */ 00000100 0 0 1;
/* 14333 */ 00000100 0 0 1;
/* 14334 */ 00000100 0 0 1;
/* 14335 */ 00000100 0 0 1;
/* 14336 */ 00000100 0 0 1;
/* 14337 */ 00000100 0 0 1;
/* 14338 */ 00000100 0 0 1;
/* 14339 */ 00000100 0 0 1;
/* 1434 */ 01000000 0 0 1;
/* 14340 */ 00000100 0 0 1;
/* 14341 */ 00000100 0 0 1;
/* 14342 */ 00000100 0 0 1;
/* 14343 */ 00000100 0 0 1;
/* 14344 */ 00000100 0 0 1;
/* 14345 */ 00000100 0 0 1;
/* 14346 */ 00000100 0 0 1;
/* 14347 */ 00000100 0 0 1;
/* 14348 */ 00000100 0 0 1;
/* 14349 */ 00000100 0 0 1;
/* 1435 */ 01000000 0 0 1;
/* 14350 */ 00000100 0 0 1;
/* 14351 */ 00000100 0 0 1;
/* 14352 */ 00000100 0 1 0;
/* 14353 */ 00000100 0 1 0;
/* 14354 */ 00000100 0 1 0;
/* 14356 */ 00000100 0 0 1;
/* 14357 */ 00000100 0 0 1;
/* 14358 */ 00000100 0 0 1;
/* 14359 */ 00000100 0 0 1;
/* 1436 */ 01000000 0 0 1;
/* 14360 */ 00000100 0 0 1;
/* 14362 */ 00000100 0 0 1;
/* 14363 */ 00000100 0 0 1;
/* 14364 */ 00000100 0 0 1;
/* 14365 */ 00000100 0 0 1;
/* 14366 */ 00000100 0 0 1;
/* 14367 */ 00000100 0 0 1;
/* 14368 */ 00000100 0 1 0;
/* 14369 */ 00000100 0 1 0;
/* 1437 */ 01000000 0 0 1;
/* 14370 */ 00000100 0 1 0;
/* 14371 */ 00000100 0 1 0;
/* 14372 */ 00000100 0 1 0;
/* 14373 */ 00000100 0 1 0;
/* 14374 */ 00000100 0 1 0;
/* 14376 */ 00000100 0 0 1;
/* 14377 */ 00000100 0 0 1;
/* 1438 */ 01000000 0 0 1;
/* 14380 */ 00000100 0 0 1;
/* 14381 */ 00000100 0 0 1;
/* 14382 */ 00000100 0 0 1;
/* 14383 */ 00000100 0 0 1;
/* 14384 */ 00000100 0 0 1;
/* 14385 */ 00000100 0 0 1;
/* 14386 */ 00000100 0 0 1;
/* 14387 */ 00000100 0 0 1;
/* 14388 */ 00000100 0 0 1;
/* 1439 */ 01000000 0 0 1;
/* 14390 */ 00000100 0 0 1;
/* 14391 */ 00000100 0 0 1;
/* 14392 */ 00000100 0 0 1;
/* 14393 */ 00000100 0 0 1;
/* 14394 */ 00000100 0 0 1;
/* 14395 */ 00000100 0 0 1;
/* 14396 */ 00000100 0 0 1;
/* 14397 */ 00000100 0 0 1;
/* 14398 */ 00000100 0 0 1;
/* 14399 */ 00000100 0 0 1;
/* 1440 */ 01001000 0 0 1;
/* 14400 */ 00000100 0 0 1;
/* 1441 */ 01000000 0 0 1;
/* 1442 */ 01000000 0 0 1;
/* 1443 */ 01000000 0 0 1;
/* 14431 */ 00001000 0 1 0;
/* 14439 */ 00001000 0 1 0;
/* 1444 */ 01000000 0 0 1;
/* 1445 */ 01000000 0 0 1;
/* 14452 */ 00001000 0 1 0;
/* 14455 */ 00001000 0 1 0;
/* 14457 */ 00001000 0 1 0;
/* 14459 */ 00001000 0 1 0;
/* 1446 */ 01000000 0 0 1;
/* 14460 */ 00001000 0 1 0;
/* 14465 */ 00001000 0 1 0;
/* 1447 */ 01000000 0 0 1;
/* 14470 */ 00001000 0 1 0;
/* 1448 */ 01000000 0 0 1;
/* 14484 */ 00001000 0 1 0;
/* 14485 */ 00000100 0 1 0;
/* 1449 */ 01000000 0 0 1;
/* 1450 */ 01000000 0 0 1;
/* 1451 */ 01000000 0 0 1;
/* 1452 */ 01000000 0 0 1;
/* 1453 */ 01000000 0 0 1;
/* 1454 */ 01000000 0 0 1;
/* 1455 */ 01000000 0 0 1;
/* 1456 */ 01000000 0 0 1;
/* 1457 */ 01000000 0 0 1;
/* 1458 */ 01000000 0 0 1;
/* 1459 */ 01000000 0 0 1;
/* 1460 */ 01000000 0 0 1;
/* 14601 */ 00001000 0 0 1;
/* 14606 */ 00001000 0 0 1;
/* 1461 */ 01000000 0 0 1;
/* 14619 */ 00001000 0 0 1;
/* 1462 */ 01000000 0 0 1;
/* 1463 */ 01000000 0 0 1;
/* 1464 */ 01000000 0 0 1;
/* 1465 */ 01000000 0 0 1;
/* 14650 */ 00001000 0 0 1;
/* 1466 */ 01000000 0 0 1;
/* 1467 */ 01000000 0 0 1;
/* 14676 */ 00001000 0 0 1;
/* 1468 */ 01000000 0 0 1;
/* 14684 */ 00001000 0 0 1;
/* 1469 */ 01000000 0 0 1;
/* 1470 */ 01000000 0 0 1;
/* 14701 */ 00001000 0 0 1;
/* 14702 */ 00001000 0 0 1;
/* 14703 */ 00001000 0 0 1;
/* 14704 */ 00001000 0 0 1;
/* 14705 */ 00001000 0 0 1;
/* 14706 */ 00001000 0 0 1;
/* 14707 */ 00001000 0 0 1;
/* 14708 */ 00001000 0 0 1;
/* 14709 */ 00001000 0 0 1;
/* 1471 */ 01001000 0 0 1;
/* 14710 */ 00001000 0 0 1;
/* 14711 */ 00001000 0 0 1;
/* 14712 */ 00001000 0 0 1;
/* 14713 */ 00001000 0 0 1;
/* 14714 */ 00001000 0 0 1;
/* 14715 */ 00001000 0 0 1;
/* 14716 */ 00001000 0 0 1;
/* 14717 */ 00001000 0 0 1;
/* 14718 */ 00001000 0 1 0;
/* 1472 */ 01000000 0 0 1;
/* 14720 */ 00001000 0 1 0;
/* 14721 */ 00001000 0 1 0;
/* 14722 */ 00001000 0 1 0;
/* 14723 */ 00001000 0 1 0;
/* 14724 */ 00001100 0 1 0;
/* 14726 */ 00001000 0 0 1;
/* 14727 */ 00001000 0 0 1;
/* 14728 */ 00001000 0 0 1;
/* 14729 */ 00001000 0 0 1;
/* 1473 */ 01000000 0 0 1;
/* 14730 */ 00001000 0 0 1;
/* 14731 */ 00001000 0 0 1;
/* 14732 */ 00001000 0 0 1;
/* 14733 */ 00001000 0 0 1;
/* 14734 */ 00001000 0 0 1;
/* 14735 */ 00001000 0 0 1;
/* 14736 */ 00001000 0 0 1;
/* 14737 */ 00001000 0 0 1;
/* 14738 */ 00001000 0 0 1;
/* 14739 */ 00001000 0 0 1;
/* 1474 */ 01000000 0 0 1;
/* 14741 */ 00001000 0 0 1;
/* 14742 */ 00001000 0 0 1;
/* 14743 */ 00001000 0 0 1;
/* 14744 */ 00001000 0 0 1;
/* 14745 */ 00001000 0 0 1;
/* 14746 */ 00001000 0 0 1;
/* 14747 */ 00001000 0 0 1;
/* 14748 */ 00001000 0 0 1;
/* 14749 */ 00001000 0 0 1;
/* 1475 */ 01000000 0 0 1;
/* 14750 */ 00001000 0 0 1;
/* 14751 */ 00001000 0 0 1;
/* 14752 */ 00001000 0 0 1;
/* 14754 */ 00001000 0 0 1;
/* 14755 */ 00001000 0 0 1;
/* 14756 */ 00001000 0 0 1;
/* 14757 */ 00001000 0 0 1;
/* 14758 */ 00001000 0 0 1;
/* 14759 */ 00001000 0 0 1;
/* 14760 */ 00001000 0 0 1;
/* 14761 */ 00001000 0 0 1;
/* 14762 */ 00001000 0 0 1;
/* 14763 */ 00001000 0 0 1;
/* 14764 */ 00001000 0 0 1;
/* 14765 */ 00001000 0 0 1;
/* 14766 */ 00001000 0 0 1;
/* 14767 */ 00001000 0 0 1;
/* 14768 */ 00001000 0 0 1;
/* 14769 */ 00001000 0 0 1;
/* 14771 */ 00001000 0 0 1;
/* 14772 */ 00001000 0 0 1;
/* 14773 */ 00001000 0 0 1;
/* 14774 */ 00001000 0 0 1;
/* 14775 */ 00001000 0 0 1;
/* 14779 */ 00001000 0 0 1;
/* 14789 */ 00001000 0 0 1;
/* 14796 */ 00001000 0 0 1;
/* 14797 */ 00001000 0 0 1;
/* 14798 */ 00001000 0 0 1;
/* 14799 */ 00001000 0 0 1;
/* 14800 */ 00001000 0 0 1;
/* 14867 */ 00001000 0 1 0;
/* 14902 */ 00001000 0 0 1;
/* 14903 */ 00001000 0 0 1;
/* 14904 */ 00001000 0 0 1;
/* 14905 */ 00001000 0 0 1;
/* 14913 */ 00001000 0 0 1;
/* 14914 */ 00001000 0 0 1;
/* 14915 */ 00001000 0 0 1;
/* 14916 */ 00001000 0 0 1;
/* 14917 */ 00001000 0 0 1;
/* 14918 */ 00001000 0 0 1;
/* 14919 */ 00001000 0 0 1;
/* 14920 */ 00001000 0 0 1;
/* 14921 */ 00001000 0 0 1;
/* 14922 */ 00001000 0 0 1;
/* 14923 */ 00001000 0 0 1;
/* 14924 */ 00001000 0 0 1;
/* 14925 */ 00001000 0 0 1;
/* 14926 */ 00001000 0 0 1;
/* 14927 */ 00001000 0 0 1;
/* 14928 */ 00001110 0 0 1;
/* 14929 */ 00001000 0 0 1;
/* 14930 */ 00001000 0 0 1;
/* 14932 */ 00001000 0 0 1;
/* 14933 */ 00001000 0 1 0;
/* 14938 */ 00001000 0 1 0;
/* 14939 */ 00001000 0 1 0;
/* 14940 */ 00001000 0 1 0;
/* 14941 */ 00001000 0 1 0;
/* 14942 */ 00001000 0 1 0;
/* 14943 */ 00001000 0 1 0;
/* 14944 */ 00001000 0 1 0;
/* 14946 */ 00001000 0 1 0;
/* 14948 */ 00001000 0 1 0;
/* 14949 */ 00001000 0 1 0;
/* 14950 */ 00001000 0 1 0;
/* 14953 */ 00001000 0 0 1;
/* 14954 */ 00001000 0 0 1;
/* 14956 */ 00001000 0 0 1;
/* 14957 */ 00001000 0 0 1;
/* 14958 */ 00001000 0 0 1;
/* 14960 */ 00001000 0 0 1;
/* 14961 */ 00001100 0 0 1;
/* 14962 */ 00001000 0 0 1;
/* 14963 */ 00001000 0 0 1;
/* 14964 */ 00001000 0 0 1;
/* 14965 */ 00001000 0 0 1;
/* 14966 */ 00001000 0 0 1;
/* 14967 */ 00001000 0 0 1;
/* 14971 */ 00001100 0 0 1;
/* 14972 */ 00001000 0 0 1;
/* 14973 */ 00001000 0 0 1;
/* 14974 */ 00001000 0 0 1;
/* 14975 */ 00001000 0 0 1;
/* 14977 */ 00001000 0 0 1;
/* 14978 */ 00001000 0 0 1;
/* 14979 */ 00001000 0 0 1;
/* 14980 */ 00001000 0 0 1;
/* 14982 */ 00001000 0 0 1;
/* 14983 */ 00001000 0 0 1;
/* 14984 */ 00001000 0 0 1;
/* 14985 */ 00001000 0 0 1;
/* 14989 */ 00001000 0 0 1;
/* 14990 */ 00001000 0 0 1;
/* 14993 */ 00001000 0 0 1;
/* 14994 */ 00001000 0 0 1;
/* 14995 */ 00001000 0 0 1;
/* 14996 */ 00001000 0 0 1;
/* 14997 */ 00001000 0 0 1;
/* 14998 */ 00001000 0 0 1;
/* 14999 */ 00001100 0 0 1;
/* 15000 */ 00001000 0 0 1;
/* 1504 */ 01000000 0 0 1;
/* 15051 */ 00001000 0 1 0;
/* 1506 */ 01000000 0 0 1;
/* 1507 */ 01000000 0 0 1;
/* 1508 */ 01000000 0 0 1;
/* 1509 */ 01000000 0 0 1;
/* 1510 */ 01000000 0 0 1;
/* 15103 */ 00001000 0 1 0;
/* 1511 */ 01000000 0 0 1;
/* 1512 */ 01000100 0 0 1;
/* 15128 */ 00001000 0 1 0;
/* 1513 */ 01000000 0 0 1;
/* 15133 */ 00001000 0 1 0;
/* 1514 */ 01000000 0 0 1;
/* 15141 */ 00001000 0 1 0;
/* 15144 */ 00001000 0 1 0;
/* 1515 */ 01000000 0 0 1;
/* 15159 */ 00001000 0 1 0;
/* 1516 */ 01000000 0 0 1;
/* 1517 */ 01000000 0 0 1;
/* 15171 */ 00001000 0 1 0;
/* 15174 */ 00001000 0 1 0;
/* 15199 */ 00001000 0 1 0;
/* 1526 */ 01000000 0 0 1;
/* 15265 */ 00001000 0 1 0;
/* 15268 */ 00001000 0 1 0;
/* 1527 */ 01000000 0 0 1;
/* 1528 */ 01000000 0 0 1;
/* 1529 */ 01000000 0 0 1;
/* 1530 */ 01000000 0 0 1;
/* 1531 */ 01000000 0 0 1;
/* 15327 */ 00001000 0 1 0;
/* 1533 */ 01000000 0 0 1;
/* 15330 */ 00001000 0 1 0;
/* 15331 */ 00001000 0 1 0;
/* 15332 */ 00001000 0 1 0;
/* 15333 */ 00001000 0 1 0;
/* 15334 */ 00001000 0 1 0;
/* 15335 */ 00001000 0 1 0;
/* 15336 */ 00001000 0 1 0;
/* 15338 */ 00001000 0 1 0;
/* 1534 */ 01000000 0 0 1;
/* 15340 */ 00001000 0 1 0;
/* 15341 */ 00001000 0 1 0;
/* 15342 */ 00001000 0 1 0;
/* 15343 */ 00001000 0 1 0;
/* 15344 */ 00001000 0 1 0;
/* 15345 */ 00001000 0 1 0;
/* 15346 */ 00001000 0 1 0;
/* 15348 */ 00001000 0 1 0;
/* 15349 */ 00001000 0 1 0;
/* 1535 */ 01000000 0 0 1;
/* 15350 */ 00001000 0 1 0;
/* 1536 */ 01000000 0 0 1;
/* 1537 */ 01000000 0 0 1;
/* 1538 */ 01000000 0 0 1;
/* 1539 */ 01000000 0 0 1;
/* 1540 */ 01000000 0 0 1;
/* 1541 */ 01000000 0 0 1;
/* 1542 */ 01000000 0 0 1;
/* 1543 */ 01000000 0 0 1;
/* 1544 */ 01000000 0 0 1;
/* 1545 */ 01000000 0 0 1;
/* 1546 */ 01000000 0 0 1;
/* 1547 */ 01000000 0 0 1;
/* 1549 */ 01000000 0 0 1;
/* 1550 */ 01000000 0 0 1;
/* 1551 */ 01000000 0 0 1;
/* 1553 */ 01000000 0 0 1;
/* 1554 */ 01000000 0 0 1;
/* 1555 */ 01000000 0 0 1;
/* 1556 */ 01000000 0 0 1;
/* 1557 */ 01000000 0 0 1;
/* 1558 */ 01000000 0 0 1;
/* 1559 */ 01000000 0 0 1;
/* 1561 */ 01000000 0 0 1;
/* 1562 */ 01000000 0 0 1;
/* 1563 */ 01000000 0 0 1;
/* 1564 */ 01000000 0 0 1;
/* 1565 */ 01000000 0 0 1;
/* 1566 */ 01000000 0 0 1;
/* 1567 */ 01000000 0 0 1;
/* 1568 */ 01000000 0 0 1;
/* 1569 */ 01000000 0 0 1;
/* 1570 */ 01000000 0 0 1;
/* 1571 */ 01000000 0 0 1;
/* 1572 */ 01000000 0 0 1;
/* 1573 */ 01000000 0 0 1;
/* 1574 */ 01000000 0 0 1;
/* 1575 */ 01000000 0 0 1;
/* 1577 */ 01000000 0 0 1;
/* 15777 */ 00001000 0 0 1;
/* 15778 */ 00001000 0 0 1;
/* 15779 */ 00001000 0 0 1;
/* 1578 */ 01000000 0 0 1;
/* 15780 */ 00001000 0 0 1;
/* 15781 */ 00001000 0 0 1;
/* 15782 */ 00001000 0 0 1;
/* 15783 */ 00001000 0 0 1;
/* 15784 */ 00001000 0 0 1;
/* 15785 */ 00001000 0 0 1;
/* 15786 */ 00001000 0 0 1;
/* 15787 */ 00001000 0 0 1;
/* 15788 */ 00001000 0 0 1;
/* 15789 */ 00001000 0 0 1;
/* 15790 */ 00001000 0 0 1;
/* 15791 */ 00001000 0 0 1;
/* 15792 */ 00001000 0 0 1;
/* 15793 */ 00001000 0 0 1;
/* 15794 */ 00001000 0 0 1;
/* 15795 */ 00001000 0 0 1;
/* 15796 */ 00001000 0 0 1;
/* 15797 */ 00001000 0 0 1;
/* 15798 */ 00001000 0 0 1;
/* 15799 */ 00001000 0 0 1;
/* 1580 */ 01000000 0 0 1;
/* 15800 */ 00001000 0 0 1;
/* 15802 */ 00001000 0 0 1;
/* 15803 */ 00001000 0 0 1;
/* 15804 */ 00001000 0 0 1;
/* 15805 */ 00001000 0 0 1;
/* 15806 */ 00001000 0 0 1;
/* 15807 */ 00001000 0 0 1;
/* 15808 */ 00001000 0 0 1;
/* 1581 */ 01000000 0 0 1;
/* 15810 */ 00001000 0 0 1;
/* 15812 */ 00001000 0 0 1;
/* 15813 */ 00001000 0 0 1;
/* 15815 */ 00001000 0 0 1;
/* 15818 */ 00001000 0 0 1;
/* 15819 */ 00001000 0 0 1;
/* 1582 */ 01000000 0 0 1;
/* 15820 */ 00001000 0 0 1;
/* 15821 */ 00001000 0 0 1;
/* 15822 */ 00001000 0 0 1;
/* 15823 */ 00001000 0 0 1;
/* 15824 */ 00001000 0 0 1;
/* 15826 */ 00001000 0 0 1;
/* 15827 */ 00001000 0 0 1;
/* 15828 */ 00001000 0 0 1;
/* 15829 */ 00001000 0 0 1;
/* 1583 */ 01000000 0 0 1;
/* 15830 */ 00001000 0 0 1;
/* 15831 */ 00001000 0 0 1;
/* 15832 */ 00001000 0 0 1;
/* 15833 */ 00001000 0 0 1;
/* 15834 */ 00001000 0 0 1;
/* 1584 */ 01000000 0 0 1;
/* 15840 */ 00001000 0 0 1;
/* 1585 */ 01000000 0 0 1;
/* 15851 */ 00001000 0 0 1;
/* 15852 */ 00001000 0 0 1;
/* 15854 */ 00001000 0 0 1;
/* 15856 */ 00001000 0 0 1;
/* 15857 */ 00001000 0 0 1;
/* 1586 */ 01000000 0 0 1;
/* 15860 */ 00001000 0 0 1;
/* 15861 */ 00001000 0 0 1;
/* 15862 */ 00001000 0 0 1;
/* 1587 */ 01000000 0 0 1;
/* 15870 */ 00001000 0 0 1;
/* 15873 */ 00001000 0 0 1;
/* 15876 */ 00001000 0 1 0;
/* 15877 */ 00001000 0 1 0;
/* 15878 */ 00001000 0 1 0;
/* 15879 */ 00001000 0 1 0;
/* 1588 */ 01000000 0 0 1;
/* 15880 */ 00001000 0 1 0;
/* 15881 */ 00001000 0 1 0;
/* 15882 */ 00001000 0 1 0;
/* 15883 */ 00001000 0 1 0;
/* 15884 */ 00001000 0 0 1;
/* 15888 */ 00001000 0 1 0;
/* 15889 */ 00001010 0 1 0;
/* 1589 */ 01000000 0 0 1;
/* 15892 */ 00001000 0 1 0;
/* 15893 */ 00001000 0 1 0;
/* 15894 */ 00001000 0 1 0;
/* 15895 */ 00001000 0 1 0;
/* 15897 */ 00001000 0 1 0;
/* 15898 */ 00001000 0 1 0;
/* 1590 */ 01000000 0 0 1;
/* 1591 */ 01000000 0 0 1;
/* 1592 */ 01000000 0 0 1;
/* 1593 */ 01000000 0 0 1;
/* 1594 */ 01000000 0 0 1;
/* 1595 */ 01000000 0 0 1;
/* 1596 */ 01000000 0 0 1;
/* 1597 */ 01000000 0 0 1;
/* 15977 */ 00000100 0 1 0;
/* 15979 */ 00000100 0 0 1;
/* 1598 */ 01000000 0 0 1;
/* 15980 */ 00000100 0 0 1;
/* 15981 */ 00000100 0 0 1;
/* 15982 */ 00000100 0 0 1;
/* 15983 */ 00000100 0 0 1;
/* 15984 */ 00000100 0 0 1;
/* 15985 */ 00000100 0 0 1;
/* 15986 */ 00000100 0 0 1;
/* 15987 */ 00000100 0 0 1;
/* 15988 */ 00000100 0 0 1;
/* 15989 */ 00000100 0 0 1;
/* 1599 */ 01000000 0 0 1;
/* 15990 */ 00000100 0 0 1;
/* 15991 */ 00000100 0 0 1;
/* 15992 */ 00000100 0 0 1;
/* 15993 */ 00000100 0 0 1;
/* 15994 */ 00000100 0 0 1;
/* 15995 */ 00000100 0 0 1;
/* 15996 */ 00000100 0 0 1;
/* 15997 */ 00000100 0 0 1;
/* 1600 */ 01000000 0 0 1;
/* 1603 */ 01000000 0 1 0;
/* 1606 */ 01000000 0 1 0;
/* 1607 */ 01000000 0 1 0;
/* 1608 */ 01000000 0 1 0;
/* 16082 */ 00000100 0 0 1;
/* 1609 */ 01000000 0 1 0;
/* 1610 */ 01000000 0 1 0;
/* 16101 */ 00001000 1 0 0;
/* 16102 */ 00001000 1 0 0;
/* 16103 */ 00001000 1 0 0;
/* 16105 */ 00001000 1 0 0;
/* 16108 */ 00001100 1 0 0;
/* 1611 */ 01000000 0 1 0;
/* 16110 */ 00001000 1 0 0;
/* 16111 */ 00001000 1 0 0;
/* 16112 */ 00001000 1 0 0;
/* 16113 */ 00001000 1 0 0;
/* 16114 */ 00001000 1 0 0;
/* 16115 */ 00001000 1 0 0;
/* 16116 */ 00001000 1 0 0;
/* 16117 */ 00001000 1 0 0;
/* 16118 */ 00001000 1 0 0;
/* 16119 */ 00001000 1 0 0;
/* 1612 */ 01000000 0 1 0;
/* 16120 */ 00001000 1 0 0;
/* 16121 */ 00001000 1 0 0;
/* 16122 */ 00001000 1 0 0;
/* 16123 */ 00001000 1 0 0;
/* 16124 */ 00001000 1 0 0;
/* 16125 */ 00001000 1 0 0;
/* 16126 */ 00001000 1 0 0;
/* 16127 */ 00001000 1 0 0;
/* 16128 */ 00001000 1 0 0;
/* 16129 */ 00001000 1 0 0;
/* 16130 */ 00001000 1 0 0;
/* 16131 */ 00001000 1 0 0;
/* 16132 */ 00001000 1 0 0;
/* 16133 */ 00001000 1 0 0;
/* 16135 */ 00001000 1 0 0;
/* 16136 */ 00001000 1 0 0;
/* 16137 */ 00001000 1 0 0;
/* 16138 */ 00001000 1 0 0;
/* 16139 */ 00001000 1 0 0;
/* 16140 */ 00001000 1 0 0;
/* 16141 */ 00001000 1 0 0;
/* 16142 */ 00001000 1 0 0;
/* 16144 */ 00001000 1 0 0;
/* 16145 */ 00001000 1 0 0;
/* 16146 */ 00001000 1 0 0;
/* 16147 */ 00001000 1 0 0;
/* 16148 */ 00001000 1 0 0;
/* 16149 */ 00001000 1 0 0;
/* 1615 */ 01000000 0 1 0;
/* 16150 */ 00001000 1 0 0;
/* 16151 */ 00001000 1 0 0;
/* 16152 */ 00001000 1 0 0;
/* 16154 */ 00001000 1 0 0;
/* 16155 */ 00001000 1 0 0;
/* 16156 */ 00001000 1 0 0;
/* 16157 */ 00001000 1 0 0;
/* 16159 */ 00001000 1 0 0;
/* 16160 */ 00001000 1 0 0;
/* 16161 */ 00001000 1 0 0;
/* 16162 */ 00001000 1 0 0;
/* 16163 */ 00001000 1 0 0;
/* 16164 */ 00001000 1 0 0;
/* 16165 */ 00001000 1 0 0;
/* 16167 */ 00001000 1 0 0;
/* 16169 */ 00001000 1 0 0;
/* 16170 */ 00001000 1 0 0;
/* 16171 */ 00001000 1 0 0;
/* 16172 */ 00001000 1 0 0;
/* 16173 */ 00001000 1 0 0;
/* 16174 */ 00001000 1 0 0;
/* 16175 */ 00001000 1 0 0;
/* 16177 */ 00001000 1 0 0;
/* 16179 */ 00001000 1 0 0;
/* 16180 */ 00001000 1 0 0;
/* 16181 */ 00001000 1 0 0;
/* 16182 */ 00001000 1 0 0;
/* 16183 */ 00001000 1 0 0;
/* 16184 */ 00001000 1 0 0;
/* 16185 */ 00001000 1 0 0;
/* 16186 */ 00001000 1 0 0;
/* 16187 */ 00001000 1 0 0;
/* 16188 */ 00001000 1 0 0;
/* 16189 */ 00001000 1 0 0;
/* 1619 */ 01000000 0 1 0;
/* 16190 */ 00001000 1 0 0;
/* 16191 */ 00001000 1 0 0;
/* 16192 */ 00001000 1 0 0;
/* 16193 */ 00001000 1 0 0;
/* 16194 */ 00001000 1 0 0;
/* 16195 */ 00001000 1 0 0;
/* 16196 */ 00001000 1 0 0;
/* 16197 */ 00001000 1 0 0;
/* 16198 */ 00001000 1 0 0;
/* 16199 */ 00001000 1 0 0;
/* 1620 */ 01000000 0 1 0;
/* 16200 */ 00001000 1 0 0;
/* 1621 */ 01000000 0 1 0;
/* 1624 */ 01000000 0 1 0;
/* 1625 */ 01000000 0 1 0;
/* 1626 */ 01000000 0 1 0;
/* 1629 */ 01000000 0 1 0;
/* 1630 */ 01000000 0 1 0;
/* 1631 */ 01000000 0 1 0;
/* 16326 */ 00001000 1 0 0;
/* 16327 */ 00001000 1 0 0;
/* 16329 */ 00001000 1 0 0;
/* 1633 */ 01000000 0 1 0;
/* 16330 */ 00001000 1 0 0;
/* 16331 */ 00001000 1 0 0;
/* 16332 */ 00001000 1 0 0;
/* 16333 */ 00001000 1 0 0;
/* 16334 */ 00001000 1 0 0;
/* 16335 */ 00001000 1 0 0;
/* 16336 */ 00001000 1 0 0;
/* 16337 */ 00001000 1 0 0;
/* 16338 */ 00001000 1 0 0;
/* 16339 */ 00001000 1 0 0;
/* 1634 */ 01000000 0 1 0;
/* 16340 */ 00001000 1 0 0;
/* 16341 */ 00001000 1 0 0;
/* 16342 */ 00001000 1 0 0;
/* 16343 */ 00001000 1 0 0;
/* 16344 */ 00001000 1 0 0;
/* 16345 */ 00001000 1 0 0;
/* 16346 */ 00001000 1 0 0;
/* 16347 */ 00001000 1 0 0;
/* 16348 */ 00001000 1 0 0;
/* 16349 */ 00001100 1 0 0;
/* 16350 */ 00001000 1 0 0;
/* 16355 */ 00001000 1 0 0;
/* 1636 */ 01000000 0 1 0;
/* 1637 */ 01000000 0 1 0;
/* 16372 */ 00001000 1 0 0;
/* 16373 */ 00001000 1 0 0;
/* 16376 */ 00001000 1 0 0;
/* 16377 */ 00001100 1 0 0;
/* 16378 */ 00001000 1 0 0;
/* 16379 */ 00001000 1 0 0;
/* 16380 */ 00001100 1 0 0;
/* 16381 */ 00001000 1 0 0;
/* 16382 */ 00001000 1 0 0;
/* 16383 */ 00001000 1 0 0;
/* 16384 */ 00001000 1 0 0;
/* 16385 */ 00001000 1 0 0;
/* 16387 */ 00001000 1 0 0;
/* 16388 */ 00001000 1 0 0;
/* 16389 */ 00001000 1 0 0;
/* 16390 */ 00001000 1 0 0;
/* 16391 */ 00001000 1 0 0;
/* 16392 */ 00001000 1 0 0;
/* 16393 */ 00001000 1 0 0;
/* 16394 */ 00001000 1 0 0;
/* 16395 */ 00001000 1 0 0;
/* 16396 */ 00001000 1 0 0;
/* 16397 */ 00001000 1 0 0;
/* 16398 */ 00001000 1 0 0;
/* 16399 */ 00001000 1 0 0;
/* 16400 */ 00001000 1 0 0;
/* 1643 */ 01000000 0 1 0;
/* 1644 */ 01001000 0 1 0;
/* 1645 */ 01000100 0 1 0;
/* 1646 */ 01000000 0 1 0;
/* 1647 */ 01000000 0 1 0;
/* 1648 */ 01000000 0 1 0;
/* 1650 */ 01000000 0 1 0;
/* 1651 */ 01000000 0 1 0;
/* 1652 */ 01000000 0 1 0;
/* 1653 */ 01000000 0 1 0;
/* 1654 */ 01000000 0 1 0;
/* 1655 */ 01001100 0 1 0;
/* 1656 */ 01000000 0 1 0;
/* 1657 */ 01000000 0 1 0;
/* 1658 */ 01000000 0 1 0;
/* 1659 */ 01000000 0 1 0;
/* 16609 */ 00001000 0 1 0;
/* 16610 */ 00001000 1 0 0;
/* 16612 */ 00001000 1 0 0;
/* 16613 */ 00001000 1 0 0;
/* 16614 */ 00001000 1 0 0;
/* 16615 */ 00001000 1 0 0;
/* 1662 */ 01000000 0 1 0;
/* 16620 */ 00001000 1 0 0;
/* 16622 */ 00001000 1 0 0;
/* 16623 */ 00001000 1 0 0;
/* 16624 */ 00001000 1 0 0;
/* 16625 */ 00001000 0 1 0;
/* 16633 */ 00001000 0 1 0;
/* 16634 */ 00000100 0 1 0;
/* 16635 */ 00001000 0 1 0;
/* 16636 */ 00001000 1 0 0;
/* 16637 */ 00001000 1 1 0;
/* 16638 */ 00001000 1 0 0;
/* 16639 */ 00001000 1 0 0;
/* 1664 */ 01000000 0 1 0;
/* 16640 */ 00001000 1 0 0;
/* 16642 */ 00001000 1 0 0;
/* 16643 */ 00001000 1 0 0;
/* 16644 */ 00001000 1 0 0;
/* 16646 */ 00001000 1 0 0;
/* 16647 */ 00001000 1 0 0;
/* 16648 */ 00001000 1 0 0;
/* 1665 */ 01000000 0 1 0;
/* 1666 */ 01000000 0 1 0;
/* 1667 */ 01000000 0 1 0;
/* 16676 */ 00001000 1 0 0;
/* 16677 */ 00001000 1 0 0;
/* 16678 */ 00001000 1 0 0;
/* 16679 */ 00001000 1 0 0;
/* 1668 */ 01000000 0 1 0;
/* 16680 */ 00001000 1 0 0;
/* 16681 */ 00001000 1 0 0;
/* 16682 */ 00001000 1 0 0;
/* 16683 */ 00001000 1 0 0;
/* 16684 */ 00001000 1 0 0;
/* 16685 */ 00001000 1 0 0;
/* 16686 */ 00001000 1 0 0;
/* 16687 */ 00001000 1 0 0;
/* 16688 */ 00001000 1 0 0;
/* 16689 */ 00001000 1 0 0;
/* 1669 */ 01000000 0 1 0;
/* 16690 */ 00001000 1 0 0;
/* 16691 */ 00001000 1 0 0;
/* 16692 */ 00001000 1 0 0;
/* 16693 */ 00001000 1 0 0;
/* 16695 */ 00001000 1 0 0;
/* 16696 */ 00001000 1 0 0;
/* 16697 */ 00001000 1 0 0;
/* 16698 */ 00001100 1 0 0;
/* 16699 */ 00001000 1 0 0;
/* 1670 */ 01000000 0 1 0;
/* 16700 */ 00001000 1 0 0;
/* 1671 */ 01000000 0 1 0;
/* 1672 */ 01000000 0 1 0;
/* 16726 */ 00001000 0 0 1;
/* 16728 */ 00001000 0 0 1;
/* 16729 */ 00001000 0 0 1;
/* 1673 */ 01000000 0 1 0;
/* 16730 */ 00001000 0 0 1;
/* 16731 */ 00001000 0 0 1;
/* 16733 */ 00001000 0 0 1;
/* 16734 */ 00001000 0 0 1;
/* 16735 */ 00001000 0 0 1;
/* 16736 */ 00001000 0 0 1;
/* 16737 */ 00001000 0 0 1;
/* 16738 */ 00001000 0 0 1;
/* 16739 */ 00001000 0 0 1;
/* 1674 */ 01000000 0 1 0;
/* 16740 */ 00001000 0 0 1;
/* 16742 */ 00001000 0 0 1;
/* 16751 */ 00001000 0 0 1;
/* 16752 */ 00001000 0 0 1;
/* 1679 */ 01000100 0 1 0;
/* 16801 */ 00000100 0 0 1;
/* 16803 */ 00000100 0 0 1;
/* 16804 */ 00000100 0 0 1;
/* 16805 */ 00000100 0 0 1;
/* 16806 */ 00000100 0 0 1;
/* 16807 */ 00000100 0 0 1;
/* 16808 */ 00000100 0 0 1;
/* 16809 */ 00000100 0 0 1;
/* 1681 */ 01000000 0 1 0;
/* 16810 */ 00000100 0 0 1;
/* 16811 */ 00000100 0 0 1;
/* 16812 */ 00000100 0 0 1;
/* 16813 */ 00000100 0 0 1;
/* 16814 */ 00000100 0 0 1;
/* 16815 */ 00000100 0 0 1;
/* 16816 */ 00000100 0 0 1;
/* 16817 */ 00000100 0 0 1;
/* 16818 */ 00000100 0 0 1;
/* 16819 */ 00000100 0 0 1;
/* 1682 */ 01001000 0 1 0;
/* 16820 */ 00000100 0 0 1;
/* 16821 */ 00000100 0 0 1;
/* 16822 */ 00000100 0 0 1;
/* 16823 */ 00000101 0 0 1;
/* 16824 */ 00000100 0 0 1;
/* 16825 */ 00000100 0 0 1;
/* 16826 */ 00000100 0 0 1;
/* 16827 */ 00000100 0 0 1;
/* 16828 */ 00000100 0 0 1;
/* 16829 */ 00000100 0 0 1;
/* 1683 */ 01100000 0 1 0;
/* 16830 */ 00000100 0 0 1;
/* 16831 */ 00000100 0 0 1;
/* 16832 */ 00000100 0 0 1;
/* 16833 */ 00000100 0 0 1;
/* 16834 */ 00000100 0 0 1;
/* 16835 */ 00000100 0 0 1;
/* 16836 */ 00000100 0 0 1;
/* 16837 */ 00000100 0 0 1;
/* 16838 */ 00000100 0 0 1;
/* 16839 */ 00000100 0 0 1;
/* 1684 */ 01000000 0 1 0;
/* 16840 */ 00000100 0 0 1;
/* 16841 */ 00000100 0 0 1;
/* 16842 */ 00000100 0 0 1;
/* 16843 */ 00000100 0 0 1;
/* 16844 */ 00000100 0 0 1;
/* 16845 */ 00000100 0 0 1;
/* 16846 */ 00000100 0 0 1;
/* 16847 */ 00000100 0 0 1;
/* 16848 */ 00000100 0 0 1;
/* 16849 */ 00000100 0 0 1;
/* 1685 */ 01000000 0 1 0;
/* 16850 */ 00000100 0 0 1;
/* 16851 */ 00000100 0 0 1;
/* 16852 */ 00000100 0 0 1;
/* 16853 */ 00000100 0 0 1;
/* 16854 */ 00000100 0 0 1;
/* 16855 */ 00000100 0 0 1;
/* 16856 */ 00000100 0 0 1;
/* 16857 */ 00000100 0 0 1;
/* 16858 */ 00000100 0 0 1;
/* 16859 */ 00000100 0 0 1;
/* 1686 */ 01000000 0 1 0;
/* 16860 */ 00000100 0 0 1;
/* 16861 */ 00000100 0 0 1;
/* 16862 */ 00000100 0 0 1;
/* 16863 */ 00000100 0 0 1;
/* 16864 */ 00000100 0 0 1;
/* 16865 */ 00000100 0 1 1;
/* 16866 */ 00000100 0 1 0;
/* 16867 */ 00000100 0 1 0;
/* 16868 */ 00000100 0 1 0;
/* 16869 */ 00000100 0 1 0;
/* 1687 */ 01000100 0 1 0;
/* 16870 */ 00000100 0 1 0;
/* 16871 */ 00000100 0 1 0;
/* 16872 */ 00000110 0 1 0;
/* 16873 */ 00000100 0 1 0;
/* 16874 */ 00000100 0 1 0;
/* 16875 */ 00000100 0 1 0;
/* 16876 */ 00000100 0 0 1;
/* 16877 */ 00000100 0 0 1;
/* 16879 */ 00000100 0 0 1;
/* 1688 */ 01000000 0 1 0;
/* 16880 */ 00000100 0 0 1;
/* 16881 */ 00000100 0 0 1;
/* 16883 */ 00000100 0 0 1;
/* 16884 */ 00000100 0 0 1;
/* 16885 */ 00000100 0 0 1;
/* 16886 */ 00000100 0 0 1;
/* 16887 */ 00000100 0 0 1;
/* 16888 */ 00000101 0 0 1;
/* 16889 */ 00000100 0 0 1;
/* 1689 */ 01000000 0 1 0;
/* 16890 */ 00000100 0 0 1;
/* 16891 */ 00000100 0 0 1;
/* 16892 */ 00000100 0 0 1;
/* 16893 */ 00000100 0 0 1;
/* 16894 */ 00000100 0 0 1;
/* 16895 */ 00000100 0 0 1;
/* 16896 */ 00000100 0 0 1;
/* 16897 */ 00000100 0 0 1;
/* 16899 */ 00000100 0 0 1;
/* 16900 */ 00000100 0 0 1;
/* 16901 */ 00000100 0 0 1;
/* 16902 */ 00000100 0 0 1;
/* 16903 */ 00000100 0 0 1;
/* 16904 */ 00000101 0 0 1;
/* 16905 */ 00000100 0 0 1;
/* 16906 */ 00000100 0 0 1;
/* 16907 */ 00000100 0 0 1;
/* 16908 */ 00000100 0 0 1;
/* 16909 */ 00000100 0 0 1;
/* 16910 */ 00000100 0 0 1;
/* 16911 */ 00000100 0 1 0;
/* 16915 */ 00000100 0 0 1;
/* 16916 */ 00000100 0 0 1;
/* 16917 */ 00000100 0 0 1;
/* 16918 */ 00000100 0 0 1;
/* 16919 */ 00000100 0 0 1;
/* 1692 */ 01000000 0 1 0;
/* 16920 */ 00000100 0 0 1;
/* 16921 */ 00000100 0 0 1;
/* 16923 */ 00000100 0 0 1;
/* 16924 */ 00000100 0 0 1;
/* 16925 */ 00000100 0 0 1;
/* 16926 */ 00001000 0 1 0;
/* 16927 */ 00001000 0 0 1;
/* 16928 */ 00001000 0 0 1;
/* 16929 */ 00001000 0 0 1;
/* 16937 */ 00001000 0 1 0;
/* 16940 */ 00001000 0 1 0;
/* 16941 */ 00001000 0 1 0;
/* 16942 */ 00001000 0 1 0;
/* 16943 */ 00001000 0 1 0;
/* 16944 */ 00001000 0 1 0;
/* 16945 */ 00001000 0 1 0;
/* 16946 */ 00001000 0 1 0;
/* 16948 */ 00000100 0 0 1;
/* 16949 */ 00000100 0 0 1;
/* 1695 */ 01000100 0 1 0;
/* 16950 */ 00000100 0 0 1;
/* 16951 */ 00000100 0 0 1;
/* 16952 */ 00000100 0 0 1;
/* 16953 */ 00000100 0 0 1;
/* 16954 */ 00000100 0 0 1;
/* 16955 */ 00000100 0 0 1;
/* 16956 */ 00000100 0 0 1;
/* 16957 */ 00000100 0 0 1;
/* 16958 */ 00000100 0 0 1;
/* 16959 */ 00000100 0 0 1;
/* 1696 */ 01000000 0 1 0;
/* 16960 */ 00000100 0 0 1;
/* 16961 */ 00000100 0 0 1;
/* 16963 */ 00000101 0 0 1;
/* 16964 */ 00000100 0 0 1;
/* 16965 */ 00000100 0 0 1;
/* 16966 */ 00000100 0 0 1;
/* 16967 */ 00000100 0 0 1;
/* 16968 */ 00000100 0 0 1;
/* 16969 */ 00000100 0 0 1;
/* 1697 */ 01000000 0 1 0;
/* 16970 */ 00000100 0 0 1;
/* 16971 */ 00000100 0 0 1;
/* 16972 */ 00000100 0 0 1;
/* 16973 */ 00000100 0 0 1;
/* 16974 */ 00000100 0 0 1;
/* 16977 */ 00000100 0 1 0;
/* 16978 */ 00000100 0 1 0;
/* 16979 */ 00000100 0 1 0;
/* 1698 */ 01000000 0 1 0;
/* 16980 */ 00000100 0 1 0;
/* 16981 */ 00000100 0 1 0;
/* 16983 */ 00000100 0 1 0;
/* 16984 */ 00000100 0 1 0;
/* 16985 */ 00000100 0 1 0;
/* 16986 */ 00000100 0 1 0;
/* 16987 */ 00000100 0 1 0;
/* 16988 */ 00000100 0 1 0;
/* 16989 */ 00000100 0 1 0;
/* 1699 */ 01000000 0 1 0;
/* 16990 */ 00000100 0 1 0;
/* 16991 */ 00000100 0 1 0;
/* 16992 */ 00000100 0 1 0;
/* 16993 */ 00000100 0 1 0;
/* 16994 */ 00000100 0 1 0;
/* 16995 */ 00000100 0 1 0;
/* 1700 */ 01000000 0 1 0;
/* 1701 */ 01000000 0 1 0;
/* 1702 */ 01000000 0 1 0;
/* 1704 */ 01000000 0 1 0;
/* 1706 */ 01000000 0 1 0;
/* 1707 */ 01000000 0 1 0;
/* 1708 */ 01000000 0 1 0;
/* 17101 */ 00001000 1 0 0;
/* 17102 */ 00001000 1 0 0;
/* 17103 */ 00001000 1 0 0;
/* 17104 */ 00001000 1 0 0;
/* 17105 */ 00001000 1 0 0;
/* 17106 */ 00001000 1 0 0;
/* 17108 */ 00001000 1 0 0;
/* 17109 */ 00001000 1 0 0;
/* 1711 */ 01000000 0 1 0;
/* 17110 */ 00001000 1 0 0;
/* 17111 */ 00001000 1 0 0;
/* 17112 */ 00001000 1 0 0;
/* 17113 */ 00001000 1 0 0;
/* 17115 */ 00001000 1 0 0;
/* 17116 */ 00001000 1 0 0;
/* 17117 */ 00001000 1 0 0;
/* 17118 */ 00001000 1 0 0;
/* 17119 */ 00001000 1 0 0;
/* 1712 */ 01000000 0 1 0;
/* 17120 */ 00001000 1 0 0;
/* 17121 */ 00001000 1 0 0;
/* 17122 */ 00001000 1 0 0;
/* 17124 */ 00001000 1 0 0;
/* 17125 */ 00001000 1 0 0;
/* 17126 */ 00001000 1 0 0;
/* 17127 */ 00001000 1 0 0;
/* 17128 */ 00001000 1 0 0;
/* 17129 */ 00001000 1 0 0;
/* 17130 */ 00001000 1 0 0;
/* 17131 */ 00001000 1 0 0;
/* 17132 */ 00001000 1 0 0;
/* 17134 */ 00001000 1 0 0;
/* 17138 */ 00001000 1 0 0;
/* 17139 */ 00001000 1 0 0;
/* 1714 */ 01000000 0 1 0;
/* 17141 */ 00001000 1 0 0;
/* 17142 */ 00001000 1 0 0;
/* 17143 */ 00001000 1 0 0;
/* 17144 */ 00001000 1 0 0;
/* 17145 */ 00001000 1 0 0;
/* 17146 */ 00001000 1 0 0;
/* 17148 */ 00001000 1 0 0;
/* 17149 */ 00001000 1 0 0;
/* 17150 */ 00001000 1 0 0;
/* 17151 */ 00001000 1 0 0;
/* 17152 */ 00001000 1 0 0;
/* 17153 */ 00001000 1 0 0;
/* 17154 */ 00001000 1 0 0;
/* 17155 */ 00001000 1 0 0;
/* 17156 */ 00001000 1 0 0;
/* 17157 */ 00001000 1 0 0;
/* 17158 */ 00001000 1 0 0;
/* 17159 */ 00001000 1 0 0;
/* 1716 */ 01000000 0 1 0;
/* 17160 */ 00001000 1 0 0;
/* 17161 */ 00001000 1 0 0;
/* 1717 */ 01000000 0 1 0;
/* 17173 */ 00001000 1 0 0;
/* 17174 */ 00001000 1 0 0;
/* 17175 */ 00001000 1 0 0;
/* 17176 */ 00001000 1 0 0;
/* 17177 */ 00001000 1 0 0;
/* 17178 */ 00001000 1 0 0;
/* 17179 */ 00001000 1 0 0;
/* 1718 */ 01000000 0 1 0;
/* 17180 */ 00001000 1 0 0;
/* 17181 */ 00001000 1 0 0;
/* 17183 */ 00001000 1 0 0;
/* 17184 */ 00001000 1 0 0;
/* 17185 */ 00001000 1 0 0;
/* 17186 */ 00001000 1 0 0;
/* 17187 */ 00001000 1 0 0;
/* 17188 */ 00001000 1 0 0;
/* 1719 */ 01000000 0 1 0;
/* 17190 */ 00001000 1 0 0;
/* 17191 */ 00001000 1 0 0;
/* 17192 */ 00001000 1 0 0;
/* 17193 */ 00001000 1 0 0;
/* 17194 */ 00001000 1 0 0;
/* 17195 */ 00001000 1 0 0;
/* 17196 */ 00001000 1 0 0;
/* 17197 */ 00001000 1 0 0;
/* 17198 */ 00001000 1 0 0;
/* 17199 */ 00001000 1 0 0;
/* 1720 */ 01000000 0 1 0;
/* 17200 */ 00001000 1 0 0;
/* 1721 */ 01000100 0 1 0;
/* 1722 */ 01000000 0 1 0;
/* 1723 */ 01000000 0 1 0;
/* 1724 */ 01000000 0 1 0;
/* 1725 */ 01000000 0 1 0;
/* 1730 */ 01000000 0 1 0;
/* 1731 */ 01000000 0 1 0;
/* 1736 */ 01000000 0 1 0;
/* 1737 */ 01000000 0 1 0;
/* 1738 */ 01000000 0 1 0;
/* 1746 */ 01000000 0 1 0;
/* 1761 */ 01000000 0 1 0;
/* 1762 */ 01000000 0 1 0;
/* 1763 */ 01000000 0 1 0;
/* 1768 */ 01000000 0 1 0;
/* 1772 */ 01000000 0 1 0;
/* 1774 */ 01000000 0 1 0;
/* 1777 */ 01000100 0 1 0;
/* 1788 */ 01000000 0 1 0;
/* 1789 */ 01000000 0 1 0;
/* 1790 */ 01000000 0 1 0;
/* 1793 */ 01000000 0 1 0;
/* 1794 */ 01000000 0 1 0;
/* 1795 */ 01000000 0 1 0;
/* 1796 */ 01000000 0 1 0;
/* 1797 */ 01000000 0 1 0;
/* 1798 */ 01000000 0 1 0;
/* 1799 */ 01000000 0 1 0;
/* 1802 */ 01000000 0 1 0;
/* 1804 */ 01000000 0 1 0;
/* 1805 */ 01000000 0 1 0;
/* 1807 */ 01000000 0 0 1;
/* 1808 */ 01000000 0 0 1;
/* 1809 */ 01000000 0 0 1;
/* 1810 */ 01001000 0 0 1;
/* 1811 */ 01000000 0 0 1;
/* 1812 */ 01000000 0 0 1;
/* 1813 */ 01000000 0 0 1;
/* 1814 */ 01000000 0 0 1;
/* 1815 */ 01000000 0 0 1;
/* 1818 */ 01000000 0 0 1;
/* 1821 */ 01000100 0 0 1;
/* 1822 */ 01000000 0 0 1;
/* 1823 */ 01001000 0 0 1;
/* 1824 */ 01000000 0 0 1;
/* 1825 */ 01000000 0 0 1;
/* 1834 */ 01000000 0 0 1;
/* 1837 */ 01000000 0 0 1;
/* 1838 */ 01000000 0 0 1;
/* 1839 */ 01000000 0 0 1;
/* 1840 */ 01000100 0 0 1;
/* 1841 */ 01000000 0 0 1;
/* 1842 */ 01000000 0 0 1;
/* 1843 */ 01000000 0 0 1;
/* 1844 */ 01000000 0 0 1;
/* 1845 */ 01000000 0 0 1;
/* 1846 */ 01000000 0 0 1;
/* 1847 */ 01000000 0 0 1;
/* 1848 */ 01000000 0 0 1;
/* 1849 */ 01000000 0 0 1;
/* 1850 */ 01000000 0 0 1;
/* 1861 */ 00000100 0 0 1;
/* 1864 */ 00000100 0 0 1;
/* 18640 */ 00001000 1 0 0;
/* 18641 */ 00001000 1 0 0;
/* 18642 */ 00001000 1 0 0;
/* 18643 */ 00001000 1 0 0;
/* 18644 */ 00001000 1 0 0;
/* 18645 */ 00001000 1 0 0;
/* 18646 */ 00001000 1 0 0;
/* 18647 */ 00001000 1 0 0;
/* 18648 */ 00001000 1 0 0;
/* 18649 */ 00001000 1 0 0;
/* 1865 */ 00000100 0 0 1;
/* 18650 */ 00001000 1 0 0;
/* 18651 */ 00001000 1 0 0;
/* 18652 */ 00001000 1 0 0;
/* 18653 */ 00001000 1 0 0;
/* 18654 */ 00001000 1 0 0;
/* 18655 */ 00001000 1 0 0;
/* 18656 */ 00001000 1 0 0;
/* 18657 */ 00001000 1 0 0;
/* 18658 */ 00001000 1 0 0;
/* 18659 */ 00001000 1 0 0;
/* 18660 */ 00001000 1 0 0;
/* 18661 */ 00001000 1 0 0;
/* 18662 */ 00001000 1 0 0;
/* 18663 */ 00001000 1 0 0;
/* 18677 */ 00001000 1 0 0;
/* 18679 */ 00001000 1 0 0;
/* 18687 */ 00001000 1 0 0;
/* 1876 */ 01000000 0 0 1;
/* 1877 */ 01000000 0 0 1;
/* 1878 */ 01000000 0 0 1;
/* 1879 */ 01000000 0 0 1;
/* 1880 */ 01000000 0 0 1;
/* 1881 */ 01000000 0 0 1;
/* 1882 */ 01000000 0 0 1;
/* 1883 */ 01000000 0 0 1;
/* 1884 */ 01000000 0 0 1;
/* 1885 */ 01000000 0 0 1;
/* 1886 */ 01000000 0 0 1;
/* 1887 */ 01000000 0 0 1;
/* 1888 */ 01000000 0 0 1;
/* 1889 */ 01000010 0 0 1;
/* 1890 */ 01000000 0 0 1;
/* 1891 */ 01000000 0 0 1;
/* 1894 */ 01000000 0 0 1;
/* 1896 */ 01000000 0 0 1;
/* 1898 */ 01000000 0 0 1;
/* 19010 */ 00000001 0 0 1;
/* 19011 */ 00000001 0 0 1;
/* 19012 */ 00000001 0 0 1;
/* 19956 */ 00000100 1 0 0;
/* 19957 */ 00000100 1 0 0;
/* 19958 */ 00000100 1 0 0;
/* 19959 */ 00000100 1 0 0;
/* 19960 */ 00000100 1 0 0;
/* 19961 */ 00000100 1 0 0;
/* 19962 */ 00000100 1 0 0;
/* 19963 */ 00000100 1 0 0;
/* 19964 */ 00000100 1 0 0;
/* 19965 */ 00000100 1 0 0;
/* 19966 */ 00000100 1 0 0;
/* 19967 */ 00000100 1 0 0;
/* 19968 */ 00000100 1 0 0;
/* 19969 */ 00000100 1 0 0;
/* 19970 */ 00000100 1 0 0;
/* 19971 */ 00000100 1 0 0;
/* 19972 */ 00000100 1 0 0;
/* 19973 */ 00000100 1 0 0;
/* 20225 */ 00000100 1 0 0;
/* 20226 */ 00000100 1 0 0;
/* 20227 */ 00000100 1 0 0;
/* 20582 */ 00000100 1 0 0;
/* 20583 */ 00000100 1 0 0;
/* 20591 */ 00000100 1 0 0;
/* 20592 */ 00000100 1 0 0;
/* 20593 */ 00000100 1 0 0;
/* 20594 */ 00000100 1 0 0;
/* 20596 */ 00000100 1 0 0;
/* 20598 */ 00000100 1 0 0;
/* 20601 */ 00000100 1 0 0;
/* 20602 */ 00000100 1 0 0;
/* 20606 */ 00000100 1 0 0;
/* 20607 */ 00000100 1 0 0;
/* 20608 */ 00000100 1 0 0;
/* 20730 */ 00000100 1 0 0;
/* 20736 */ 00000100 1 0 0;
/* 20737 */ 00000100 1 0 0;
/* 20738 */ 00000100 1 0 0;
/* 20901 */ 00000100 1 0 0;
/* 20902 */ 00000100 1 0 0;
/* 20903 */ 00000100 1 0 0;
/* 20904 */ 00000100 1 0 0;
/* 20905 */ 00000100 1 0 0;
/* 20906 */ 00000100 1 0 0;
/* 20907 */ 00000100 1 0 0;
/* 20909 */ 00000100 1 0 0;
/* 20910 */ 00000100 1 0 0;
/* 20911 */ 00000100 1 0 0;
/* 20913 */ 00000100 1 0 0;
/* 20915 */ 00000100 1 0 0;
/* 20916 */ 00000100 1 0 0;
/* 20998 */ 00000100 1 0 0;
/* 20999 */ 00000110 1 0 0;
/* 21000 */ 00000100 1 0 0;
/* 21142 */ 00000100 1 0 0;
/* 21201 */ 00000100 1 0 0;
/* 21204 */ 00000100 1 0 0;
/* 21205 */ 00000100 1 0 0;
/* 21206 */ 00000100 1 0 0;
/* 21207 */ 00000100 1 0 0;
/* 21208 */ 00000100 1 0 0;
/* 21209 */ 00000100 1 0 0;
/* 21210 */ 00000100 1 0 0;
/* 21211 */ 00000100 1 0 0;
/* 21212 */ 00000100 1 0 0;
/* 21213 */ 00000100 1 0 0;
/* 21442 */ 00000100 1 0 0;
/* 21444 */ 00000100 1 0 0;
/* 21445 */ 00000100 1 0 0;
/* 21446 */ 00000100 1 0 0;
/* 21447 */ 00000100 1 0 0;
/* 21448 */ 00000100 1 0 0;
/* 21449 */ 00000100 1 0 0;
/* 21450 */ 00000100 1 0 0;
/* 21476 */ 00000100 1 0 0;
/* 21477 */ 00000100 1 0 0;
/* 21478 */ 00000100 1 0 0;
/* 21479 */ 00000100 1 0 0;
/* 21485 */ 00000100 1 0 0;
/* 21486 */ 00000100 1 0 0;
/* 21487 */ 00000100 1 0 0;
/* 21488 */ 00000100 1 0 0;
/* 21490 */ 00000100 1 0 0;
/* 21491 */ 00000100 1 0 0;
/* 21492 */ 00000100 1 0 0;
/* 21494 */ 00000100 1 0 0;
/* 21540 */ 00000100 1 0 0;
/* 21541 */ 00000100 1 0 0;
/* 21542 */ 00000100 1 0 0;
/* 21543 */ 00000100 1 0 0;
/* 21544 */ 00000100 1 0 0;
/* 21551 */ 00000100 1 0 0;
/* 21880 */ 00000001 0 1 0;
/* 21881 */ 00000001 0 1 0;
/* 21884 */ 00000001 0 1 0;
/* 21885 */ 00000001 0 1 0;
/* 21887 */ 00000001 0 1 0;
/* 21888 */ 00000001 0 1 0;
/* 21889 */ 00000001 0 1 0;
/* 21890 */ 00000001 0 1 0;
/* 21891 */ 00000001 0 1 0;
/* 22101 */ 00001000 1 0 0;
/* 22102 */ 00001000 1 0 0;
/* 22126 */ 00001000 1 0 0;
/* 22128 */ 00001000 1 0 0;
/* 22129 */ 00001000 1 0 0;
/* 22130 */ 00001000 1 0 0;
/* 22131 */ 00001000 1 0 0;
/* 22132 */ 00001000 1 0 0;
/* 22133 */ 10000100 1 0 0;
/* 22134 */ 00001000 1 0 0;
/* 22135 */ 00001000 1 0 0;
/* 22136 */ 00001000 1 0 0;
/* 22137 */ 00001000 1 0 0;
/* 22138 */ 00001000 1 0 0;
/* 22140 */ 00001000 1 0 0;
/* 22141 */ 00001100 1 0 0;
/* 22143 */ 00001000 1 0 0;
/* 22144 */ 00001000 1 0 0;
/* 22145 */ 00001000 1 0 0;
/* 22146 */ 00001000 1 0 0;
/* 22147 */ 00001000 1 0 0;
/* 22148 */ 00001000 1 0 0;
/* 22149 */ 00001000 1 0 0;
/* 22150 */ 00001000 1 0 0;
/* 22201 */ 00000100 1 0 0;
/* 22203 */ 00000100 1 0 0;
/* 22204 */ 00000100 1 0 0;
/* 22205 */ 00000100 1 0 0;
/* 22207 */ 00000100 1 0 0;
/* 22208 */ 00000100 1 0 0;
/* 22209 */ 00000100 1 0 0;
/* 22211 */ 00000100 1 0 0;
/* 22212 */ 00000100 1 0 0;
/* 22213 */ 00000100 1 0 0;
/* 22214 */ 00000100 1 0 0;
/* 22215 */ 00000100 1 0 0;
/* 22216 */ 00000100 1 0 0;
/* 22217 */ 00000100 1 0 0;
/* 22218 */ 00000100 1 0 0;
/* 22219 */ 00000100 1 0 0;
/* 22220 */ 00000100 1 0 0;
/* 22221 */ 00000100 1 0 0;
/* 22500 */ 00000100 1 0 0;
/* 22526 */ 00000100 1 0 0;
/* 22527 */ 00000100 1 0 0;
/* 22530 */ 00000100 1 0 0;
/* 22538 */ 00000110 1 0 0;
/* 22540 */ 00000100 1 0 0;
/* 23101 */ 00001000 1 0 0;
/* 23102 */ 00001000 1 0 0;
/* 23103 */ 00001000 1 0 0;
/* 23104 */ 00001000 1 0 0;
/* 23105 */ 00001000 1 0 0;
/* 23106 */ 00001000 1 0 0;
/* 23107 */ 00001000 1 0 0;
/* 23108 */ 00001000 1 0 0;
/* 23110 */ 00001000 1 0 0;
/* 23111 */ 00001000 1 0 0;
/* 23112 */ 00001000 1 0 0;
/* 23113 */ 00001000 1 0 0;
/* 23115 */ 00001000 1 0 0;
/* 23118 */ 00001000 1 0 0;
/* 23119 */ 00001000 1 0 0;
/* 23120 */ 00001000 1 0 0;
/* 23121 */ 00001000 1 0 0;
/* 23122 */ 00001000 1 0 0;
/* 23123 */ 00001000 1 0 0;
/* 23124 */ 00001000 1 0 0;
/* 23125 */ 00001000 1 0 0;
/* 23126 */ 00001000 1 0 0;
/* 23127 */ 00001000 1 0 0;
/* 23128 */ 00001000 1 0 0;
/* 23129 */ 00001000 1 0 0;
/* 23130 */ 00001000 1 0 0;
/* 23131 */ 00001000 1 0 0;
/* 23132 */ 00001000 1 0 0;
/* 23133 */ 00001000 1 0 0;
/* 23134 */ 00001000 1 0 0;
/* 23135 */ 00001000 1 0 0;
/* 23136 */ 00001000 1 0 0;
/* 23137 */ 00001100 1 0 0;
/* 23138 */ 00001000 1 0 0;
/* 23139 */ 00001000 1 0 0;
/* 23140 */ 00001000 1 0 0;
/* 23141 */ 00001000 1 0 0;
/* 23142 */ 00001000 1 0 0;
/* 23143 */ 00001000 1 0 0;
/* 23144 */ 00001000 1 0 0;
/* 23145 */ 00001000 1 0 0;
/* 23146 */ 00001000 1 0 0;
/* 23147 */ 00001000 1 0 0;
/* 23148 */ 00001000 1 0 0;
/* 23149 */ 00001000 1 0 0;
/* 23150 */ 00001000 1 0 0;
/* 23174 */ 00001000 1 0 0;
/* 23175 */ 00001000 1 0 0;
/* 23567 */ 00000010 1 0 0;
/* 23638 */ 00000010 1 0 0;
/* 23639 */ 00000010 1 0 0;
/* 23652 */ 00000010 1 0 0;
/* 23666 */ 00000010 1 0 0;
/* 23667 */ 00000010 1 0 0;
/* 23689 */ 00000010 1 0 0;
/* 23694 */ 00000010 1 0 0;
/* 23696 */ 00000010 1 0 0;
/* 23697 */ 00000010 1 0 0;
/* 23701 */ 00000010 1 0 0;
/* 23703 */ 00000010 1 0 0;
/* 23704 */ 00000010 1 0 0;
/* 23732 */ 00000010 1 0 0;
/* 23744 */ 00000010 1 0 0;
/* 23750 */ 00000010 1 0 0;
/* 23763 */ 00000010 1 0 0;
/* 23764 */ 00000010 1 0 0;
/* 23774 */ 00000010 1 0 0;
/* 23781 */ 00000010 1 0 0;
/* 23784 */ 00000010 1 0 0;
/* 23888 */ 00000010 1 0 0;
/* 23889 */ 00000010 1 0 0;
/* 23890 */ 00000010 1 0 0;
/* 23892 */ 00000010 1 0 0;
/* 23893 */ 00000010 1 0 0;
/* 23898 */ 00000010 1 0 0;
/* 23901 */ 00000001 0 0 1;
/* 23902 */ 00000001 0 0 1;
/* 23903 */ 00000001 0 0 1;
/* 23904 */ 00000001 0 0 1;
/* 23905 */ 00000001 0 0 1;
/* 23906 */ 00000001 0 0 1;
/* 23908 */ 00000001 0 0 1;
/* 23909 */ 00000001 0 0 1;
/* 23910 */ 00000001 0 0 1;
/* 23911 */ 00000001 0 0 1;
/* 23912 */ 00000001 0 0 1;
/* 23913 */ 00000001 0 0 1;
/* 23914 */ 00000001 0 0 1;
/* 23915 */ 00000001 0 0 1;
/* 23916 */ 00000001 0 0 1;
/* 23917 */ 00000001 0 0 1;
/* 23918 */ 00000001 0 0 1;
/* 23922 */ 00000001 0 0 1;
/* 23923 */ 00000001 0 0 1;
/* 23924 */ 00000001 0 0 1;
/* 23925 */ 00000001 0 0 1;
/* 23926 */ 00000001 0 0 1;
/* 23927 */ 00000001 0 0 1;
/* 23928 */ 00000001 0 0 1;
/* 23929 */ 00000001 0 0 1;
/* 23930 */ 00000001 0 0 1;
/* 23931 */ 00000001 0 0 1;
/* 23932 */ 00000001 0 0 1;
/* 23933 */ 00000001 0 0 1;
/* 23934 */ 00000001 0 0 1;
/* 23935 */ 00000001 0 0 1;
/* 23936 */ 00000001 0 0 1;
/* 23937 */ 00000001 0 0 1;
/* 23938 */ 00000001 0 0 1;
/* 23940 */ 00000001 0 0 1;
/* 23941 */ 00000001 0 0 1;
/* 23942 */ 00000001 0 0 1;
/* 23943 */ 00000001 0 0 1;
/* 23944 */ 00000001 0 0 1;
/* 23945 */ 00000001 0 0 1;
/* 23946 */ 00000001 0 0 1;
/* 23947 */ 00000001 0 0 1;
/* 23948 */ 00000001 0 0 1;
/* 23949 */ 00000001 0 0 1;
/* 23950 */ 00000001 0 0 1;
/* 23954 */ 00000001 0 0 1;
/* 23968 */ 00000001 0 0 1;
/* 23973 */ 00000001 0 0 1;
/* 23974 */ 00000001 0 0 1;
/* 23975 */ 00000001 0 0 1;
/* 23998 */ 00000001 0 0 1;
/* 29003 */ 00000001 0 0 1;
/* 29004 */ 00000001 0 0 1;
/* 29005 */ 00000001 0 0 1;
/* 29006 */ 00000001 0 0 1;
/* 29007 */ 00000001 0 0 1;
/* 29008 */ 00000001 0 0 1;
/* 29009 */ 00000001 0 0 1;
/* 29013 */ 00000001 0 0 1;
/* 29014 */ 00000001 0 0 1;
/* 29015 */ 00000001 0 0 1;
/* 29016 */ 00000001 0 0 1;
/* 29017 */ 00000001 0 0 1;
/* 29018 */ 00000001 0 0 1;
/* 29019 */ 00000001 0 0 1;
/* 29020 */ 00000001 0 0 1;
/* 29021 */ 00000001 0 0 1;
/* 29022 */ 00000001 0 0 1;
/* 29023 */ 00000001 0 0 1;
/* 29024 */ 00000001 0 0 1;
/* 29025 */ 00000001 0 0 1;
/* 29026 */ 00000001 0 0 1;
/* 29027 */ 00000001 0 0 1;
/* 29028 */ 00000001 0 0 1;
/* 29031 */ 00000001 0 0 1;
/* 29032 */ 00000001 0 0 1;
/* 29033 */ 00000001 0 0 1;
/* 29034 */ 00000001 0 0 1;
/* 29035 */ 00000001 0 0 1;
/* 29036 */ 00000001 0 0 1;
/* 29038 */ 00000001 0 0 1;
/* 29039 */ 00000001 0 0 1;
/* 29040 */ 00000001 0 0 1;
/* 29041 */ 00000001 0 0 1;
/* 29042 */ 00000001 0 0 1;
/* 29043 */ 00000001 0 0 1;
/* 29055 */ 00000001 0 0 1;
/* 29056 */ 00000001 0 0 1;
/* 29057 */ 00000001 0 0 1;
/* 29066 */ 00000001 0 0 1;
/* 3469 */ 00000100 0 0 1;
/* 3901 */ 10000000 1 0 0;
/* 3902 */ 10000000 1 0 0;
/* 3903 */ 10000000 1 0 0;
/* 3904 */ 10000000 1 0 0;
/* 3905 */ 10000000 1 0 0;
/* 3906 */ 10000000 1 0 0;
/* 3907 */ 10000000 1 0 0;
/* 3908 */ 10000000 1 0 0;
/* 3909 */ 10000000 1 0 0;
/* 3910 */ 10000000 1 0 0;
/* 3911 */ 10000000 1 0 0;
/* 3912 */ 10000000 1 0 0;
/* 3913 */ 10000000 1 0 0;
/* 3914 */ 10000000 1 0 0;
/* 3915 */ 10000000 1 0 0;
/* 3916 */ 10000000 1 0 0;
/* 3917 */ 10000000 1 0 0;
/* 3918 */ 10000000 1 0 0;
/* 3919 */ 10000000 1 0 0;
/* 3920 */ 10000000 1 0 0;
/* 3921 */ 10000000 1 0 0;
/* 3922 */ 10000000 1 0 0;
/* 3923 */ 10000000 1 0 0;
/* 3924 */ 10000000 1 0 0;
/* 3925 */ 10000000 1 0 0;
/* 3926 */ 10000000 1 0 0;
/* 3927 */ 10000000 1 0 0;
/* 3928 */ 10000000 1 0 0;
/* 3929 */ 10000000 1 0 0;
/* 3930 */ 10000000 1 0 0;
/* 3931 */ 10000000 1 0 0;
/* 3932 */ 10000000 1 0 0;
/* 3933 */ 10000000 1 0 0;
/* 3934 */ 10000000 1 0 0;
/* 3935 */ 10000000 1 0 0;
/* 3936 */ 10000000 1 0 0;
/* 3937 */ 10000000 1 0 0;
/* 3938 */ 10000000 1 0 0;
/* 3939 */ 10000000 1 0 0;
/* 3940 */ 10000000 1 0 0;
/* 3942 */ 10000000 1 0 0;
/* 3943 */ 10000000 1 0 0;
/* 3944 */ 10000000 1 0 0;
/* 3945 */ 10000000 1 0 0;
/* 3946 */ 10000000 1 0 0;
/* 3947 */ 10000000 1 0 0;
/* 3948 */ 10000000 1 0 0;
/* 3949 */ 10000000 1 0 0;
/* 3950 */ 10000000 1 0 0;
/* 3951 */ 10000000 1 0 0;
/* 3952 */ 10000000 1 0 0;
/* 3953 */ 10000000 1 0 0;
/* 3957 */ 10000000 1 0 0;
/* 3958 */ 10000000 1 0 0;
/* 3959 */ 10000000 1 0 0;
/* 3960 */ 10000000 1 0 0;
/* 3961 */ 10000000 1 0 0;
/* 3962 */ 11000000 1 0 0;
/* 3963 */ 10000000 1 0 0;
/* 3964 */ 10000000 1 0 0;
/* 3965 */ 10000000 1 0 0;
/* 3966 */ 10000000 1 0 0;
/* 3967 */ 10000000 1 0 0;
/* 3968 */ 10000000 1 0 0;
/* 3969 */ 10000000 1 0 0;
/* 3970 */ 10000000 1 0 0;
/* 3971 */ 11000000 1 0 0;
/* 3972 */ 10000000 1 0 0;
/* 3973 */ 10000000 1 0 0;
/* 3974 */ 10000000 1 0 0;
/* 3976 */ 10000000 1 0 0;
/* 3977 */ 10000000 1 0 0;
/* 3978 */ 10000000 1 0 0;
/* 3979 */ 10000000 1 0 0;
/* 3980 */ 10000000 1 0 0;
/* 4088 */ 01000000 1 0 0;
/* 4089 */ 01000000 1 0 0;
/* 4090 */ 01000000 1 0 0;
/* 4091 */ 01000000 1 0 0;
/* 4092 */ 01000000 1 0 0;
/* 4093 */ 01000000 1 0 0;
/* 4094 */ 01000000 1 0 0;
/* 4095 */ 01000000 1 0 0;
/* 4096 */ 01000000 1 0 0;
/* 4097 */ 01000000 1 0 0;
/* 4098 */ 01000000 1 0 0;
/* 4099 */ 01000000 1 0 0;
/* 4170 */ 10000000 1 0 0;
/* 4171 */ 10000000 1 0 0;
/* 4172 */ 10000000 1 0 0;
/* 4173 */ 10000000 1 0 0;
/* 4188 */ 10000000 1 0 0;
/* 4189 */ 10000000 1 0 0;
/* 4190 */ 10000000 1 0 0;
/* 4191 */ 10000000 1 0 0;
/* 4227 */ 01000000 1 0 0;
/* 4228 */ 01000000 1 0 0;
/* 4229 */ 01000000 1 0 0;
/* 4230 */ 01000000 1 0 0;
/* 4231 */ 01000000 1 0 0;
/* 4232 */ 01000000 1 0 0;
/* 4233 */ 01000000 1 0 0;
/* 4234 */ 01000000 1 0 0;
/* 4235 */ 01000000 1 0 0;
/* 4236 */ 01000000 1 0 0;
/* 4237 */ 01000000 1 0 0;
/* 4238 */ 01000000 1 0 0;
/* 4239 */ 01000000 1 0 0;
/* 4240 */ 01000000 1 0 0;
/* 4241 */ 01000000 1 0 0;
/* 4242 */ 01000000 1 0 0;
/* 4243 */ 01000000 1 0 0;
/* 4244 */ 01000000 1 0 0;
/* 4245 */ 01000000 1 0 0;
/* 4246 */ 01000000 1 0 0;
/* 4344 */ 01000000 1 0 0;
/* 4451 */ 01000000 1 0 0;
/* 4452 */ 01000000 1 0 0;
/* 4453 */ 01000000 1 0 0;
/* 4454 */ 01000000 1 0 0;
/* 4455 */ 01000000 1 0 0;
/* 4456 */ 01000000 1 0 0;
/* 4457 */ 01000000 1 0 0;
/* 4503 */ 01000000 1 0 0;
/* 4504 */ 01000000 1 0 0;
/* 4505 */ 01000000 1 0 0;
/* 4580 */ 01000000 1 0 0;
/* 4633 */ 01000000 1 0 0;
/* 4634 */ 01000000 1 0 0;
/* 4635 */ 01000000 1 0 0;
/* 4636 */ 01000000 1 0 0;
/* 4637 */ 01000000 1 0 0;
/* 4638 */ 01000000 1 0 0;
/* 4639 */ 01000000 1 0 0;
/* 4640 */ 01000000 1 0 0;
/* 4641 */ 01000000 1 0 0;
/* 4642 */ 01000000 1 0 0;
/* 4643 */ 01000000 1 0 0;
/* 4644 */ 01000000 1 0 0;
/* 4645 */ 01000000 1 0 0;
/* 4646 */ 01000000 1 0 0;
/* 4647 */ 01000000 1 0 0;
/* 4648 */ 01000000 1 0 0;
/* 4649 */ 01000000 1 0 0;
/* 4691 */ 01000000 1 0 0;
/* 4692 */ 01000000 1 0 0;
/* 4693 */ 01000000 1 0 0;
/* 4694 */ 01000000 1 0 0;
/* 4695 */ 01000000 1 0 0;
/* 4696 */ 01000000 1 0 0;
/* 4697 */ 01000000 1 0 0;
/* 4698 */ 01000000 1 0 0;
/* 4699 */ 01000000 1 0 0;
/* 4700 */ 01000000 1 0 0;
/* 4760 */ 01000000 1 0 0;
/* 4761 */ 01000000 1 0 0;
/* 4762 */ 01000000 1 0 0;
/* 4763 */ 01000000 1 0 0;
/* 4764 */ 01000000 1 0 0;
/* 4765 */ 01000000 1 0 0;
/* 4766 */ 01000000 1 0 0;
/* 4767 */ 01000000 1 0 0;
/* 4768 */ 01000000 1 0 0;
/* 4769 */ 01000000 1 0 0;
/* 4770 */ 01000000 1 0 0;
/* 4771 */ 01000000 1 0 0;
/* 4772 */ 01000000 1 0 0;
/* 4773 */ 01000000 1 0 0;
/* 4774 */ 01000000 1 0 0;
/* 4775 */ 01000000 1 0 0;
/* 4776 */ 01000100 1 0 0;
/* 4777 */ 01000000 1 0 0;
/* 4778 */ 01000000 1 0 0;
/* 4779 */ 01000000 1 0 0;
/* 4780 */ 01000000 1 0 0;
/* 4781 */ 01000000 1 0 0;
/* 4782 */ 01000000 1 0 0;
/* 4783 */ 01000000 1 0 0;
/* 4784 */ 01000000 1 0 0;
/* 4785 */ 01000000 1 0 0;
/* 4786 */ 01000000 1 0 0;
/* 4787 */ 01000000 1 0 0;
/* 4788 */ 01001000 1 0 0;
/* 4789 */ 01000000 1 0 0;
/* 4790 */ 01000000 1 0 0;
/* 4791 */ 01000000 1 0 0;
/* 4792 */ 01000000 1 0 0;
/* 4793 */ 01000000 1 0 0;
/* 4794 */ 01000000 1 0 0;
/* 4795 */ 01000000 1 0 0;
/* 4796 */ 01000000 1 0 0;
/* 4797 */ 01000000 1 0 0;
/* 4798 */ 01000000 1 0 0;
/* 4799 */ 01000000 1 0 0;
/* 4801 */ 10000000 1 0 0;
/* 4802 */ 10000000 1 0 0;
/* 4803 */ 10000000 1 0 0;
/* 4804 */ 10000000 1 0 0;
/* 4805 */ 10000000 1 0 0;
/* 4806 */ 11000000 1 0 0;
/* 4807 */ 10000000 1 0 0;
/* 4808 */ 10000000 1 0 0;
/* 4809 */ 10000000 1 0 0;
/* 4810 */ 10000000 1 0 0;
/* 4811 */ 10000000 1 0 0;
/* 4812 */ 10000000 1 0 0;
/* 4813 */ 10000000 1 0 0;
/* 4814 */ 10000000 1 0 0;
/* 4815 */ 10000000 1 0 0;
/* 4816 */ 10000000 1 0 0;
/* 4817 */ 10000000 1 0 0;
/* 4818 */ 10000000 1 0 0;
/* 4819 */ 10000000 1 0 0;
/* 4820 */ 10001000 1 0 0;
/* 4821 */ 10000000 1 0 0;
/* 4822 */ 10000000 1 0 0;
/* 4823 */ 10000000 1 0 0;
/* 4824 */ 10000000 1 0 0;
/* 4825 */ 10000000 1 0 0;
/* 4827 */ 10000000 1 0 0;
/* 4828 */ 10000000 1 0 0;
/* 4829 */ 10000000 1 0 0;
/* 4831 */ 11000000 1 0 0;
/* 4832 */ 10000000 1 0 0;
/* 4833 */ 10000000 1 0 0;
/* 4834 */ 10000000 1 0 0;
/* 4836 */ 10000000 1 0 0;
/* 4837 */ 10000000 1 0 0;
/* 4838 */ 10000000 1 0 0;
/* 4839 */ 10000000 1 0 0;
/* 4840 */ 10000000 1 0 0;
/* 4841 */ 10000000 1 0 0;
/* 4842 */ 10000000 1 0 0;
/* 4843 */ 10000000 1 0 0;
/* 4844 */ 10000000 1 0 0;
/* 4845 */ 10000000 1 0 0;
/* 4846 */ 10000000 1 0 0;
/* 4847 */ 10000000 1 0 0;
/* 4848 */ 10000000 1 0 0;
/* 4849 */ 10000000 1 0 0;
/* 4850 */ 10000000 1 0 0;
/* 4851 */ 10000000 1 0 0;
/* 4852 */ 10000000 1 0 0;
/* 4855 */ 10000000 1 0 0;
/* 4856 */ 10000000 1 0 0;
/* 4857 */ 10000000 1 0 0;
/* 4858 */ 10000000 1 0 0;
/* 4859 */ 11000000 1 0 0;
/* 4860 */ 10000000 1 0 0;
/* 4861 */ 10000000 1 0 0;
/* 4862 */ 10000000 1 0 0;
/* 4863 */ 10000000 1 0 0;
/* 4864 */ 10000000 1 0 0;
/* 4865 */ 10000000 1 0 0;
/* 4866 */ 10000000 1 0 0;
/* 4867 */ 10000000 1 0 0;
/* 4868 */ 10000000 1 0 0;
/* 4869 */ 10000000 1 0 0;
/* 4870 */ 10000000 1 0 0;
/* 4871 */ 10000000 1 0 0;
/* 4872 */ 11000000 1 0 0;
/* 4873 */ 10000000 1 0 0;
/* 4874 */ 10000000 1 0 0;
/* 4875 */ 10000000 1 0 0;
/* 4876 */ 10000000 1 0 0;
/* 4877 */ 10000000 1 0 0;
/* 4878 */ 10000000 1 0 0;
/* 4885 */ 10000000 1 0 0;
/* 4886 */ 10000000 1 0 0;
/* 4887 */ 10000000 1 0 0;
/* 4888 */ 10000000 1 0 0;
/* 4889 */ 10000000 1 0 0;
/* 4890 */ 10000000 1 0 0;
/* 4891 */ 10000000 1 0 0;
/* 4892 */ 11000000 1 0 0;
/* 4893 */ 10000000 1 0 0;
/* 4894 */ 10000000 1 0 0;
/* 4895 */ 10000000 1 0 0;
/* 4896 */ 10000000 1 0 0;
/* 4897 */ 10000000 1 0 0;
/* 4898 */ 10000000 1 0 0;
/* 4899 */ 10000000 1 0 0;
/* 4910 */ 01000000 1 0 0;
/* 4911 */ 01000000 1 0 0;
/* 4912 */ 01000000 1 0 0;
/* 4913 */ 01000000 1 0 0;
/* 4914 */ 01000000 1 0 0;
/* 4915 */ 01000000 1 0 0;
/* 4916 */ 01000000 1 0 0;
/* 4917 */ 01000000 1 0 0;
/* 4918 */ 01000000 1 0 0;
/* 4919 */ 01000000 1 0 0;
/* 4920 */ 01000000 1 0 0;
/* 4921 */ 01000000 1 0 0;
/* 4931 */ 01000000 1 0 0;
/* 4932 */ 01000000 1 0 0;
/* 4933 */ 01000000 1 0 0;
/* 4934 */ 01000000 1 0 0;
/* 4935 */ 01000000 1 0 0;
/* 4936 */ 01000000 1 0 0;
/* 4937 */ 01000000 1 0 0;
/* 4938 */ 01000000 1 0 0;
/* 4939 */ 01000000 1 0 0;
/* 4940 */ 01000000 1 0 0;
/* 4941 */ 01000000 1 0 0;
/* 4942 */ 01000000 1 0 0;
/* 4943 */ 01000000 1 0 0;
/* 4944 */ 01000000 1 0 0;
/* 4945 */ 01000000 1 0 0;
/* 4946 */ 01000000 1 0 0;
/* 4947 */ 01000000 1 0 0;
/* 4948 */ 01000000 1 0 0;
/* 4949 */ 01000000 1 0 0;
/* 4950 */ 01000000 1 0 0;
/* 4951 */ 01000000 1 0 0;
/* 4952 */ 01000000 1 0 0;
/* 4953 */ 01000000 1 0 0;
/* 4954 */ 01000000 1 0 0;
/* 4955 */ 01000000 1 0 0;
/* 4956 */ 01000000 1 0 0;
/* 4957 */ 01000000 1 0 0;
/* 4958 */ 01000000 1 0 0;
/* 4959 */ 01000000 1 0 0;
/* 4960 */ 01000000 1 0 0;
/* 4961 */ 01000000 1 0 0;
/* 4962 */ 01000000 1 0 0;
/* 4963 */ 01000000 1 0 0;
/* 4964 */ 01000000 1 0 0;
/* 4965 */ 01000000 1 0 0;
/* 4966 */ 01000000 1 0 0;
/* 4967 */ 01000000 1 0 0;
/* 4968 */ 01000000 1 0 0;
/* 4969 */ 01000000 1 0 0;
/* 4970 */ 01001000 1 0 0;
/* 4971 */ 01000000 1 0 0;
/* 4972 */ 01000000 1 0 0;
/* 4973 */ 01000000 1 0 0;
/* 4974 */ 01000000 1 0 0;
/* 4975 */ 01000000 1 0 0;
/* 5005 */ 01000010 0 1 0;
/* 5006 */ 01000000 0 1 0;
/* 5007 */ 01000000 0 1 0;
/* 5008 */ 01000000 0 1 0;
/* 5009 */ 01000000 0 1 0;
/* 5010 */ 01000100 0 1 0;
/* 5011 */ 01000000 0 1 0;
/* 5013 */ 01000000 0 1 0;
/* 5014 */ 01000000 0 1 0;
/* 5016 */ 01000000 0 1 0;
/* 5018 */ 01000000 0 1 0;
/* 5024 */ 01000000 0 1 0;
/* 5025 */ 01000100 0 1 0;
/* 5027 */ 01000000 0 1 0;
/* 5038 */ 01000100 0 1 0;
/* 5053 */ 01000000 0 0 1;
/* 5056 */ 01000000 0 0 1;
/* 5057 */ 01000000 0 0 1;
/* 5058 */ 01000000 0 0 1;
/* 5059 */ 01000000 0 0 1;
/* 5060 */ 01000000 0 0 1;
/* 5061 */ 01000000 0 0 1;
/* 5062 */ 01000000 0 0 1;
/* 5063 */ 01000000 0 0 1;
/* 5064 */ 01000000 0 0 1;
/* 5065 */ 01000000 0 0 1;
/* 5066 */ 01000000 0 0 1;
/* 5067 */ 01000000 0 0 1;
/* 5068 */ 01000000 0 0 1;
/* 5069 */ 01000000 0 0 1;
/* 5070 */ 01000000 0 0 1;
/* 5071 */ 01000000 0 0 1;
/* 5072 */ 01000000 0 0 1;
/* 5073 */ 01000000 0 0 1;
/* 5074 */ 01000000 0 0 1;
/* 5075 */ 01000000 0 0 1;
/* 5076 */ 01000000 0 0 1;
/* 5077 */ 01000000 0 0 1;
/* 5078 */ 01000000 0 0 1;
/* 5079 */ 01000000 0 0 1;
/* 5080 */ 01000000 0 0 1;
/* 5081 */ 01000000 0 0 1;
/* 5082 */ 01000000 0 0 1;
/* 5083 */ 01000000 0 0 1;
/* 5084 */ 01000000 0 0 1;
/* 5086 */ 01000000 0 0 1;
/* 5087 */ 01000000 0 0 1;
/* 5088 */ 01000000 0 0 1;
/* 5089 */ 01000000 0 0 1;
/* 5090 */ 01000000 0 0 1;
/* 5091 */ 01000000 0 0 1;
/* 5092 */ 01000000 0 0 1;
/* 5093 */ 01000000 0 0 1;
/* 5094 */ 01000000 0 0 1;
/* 5095 */ 01000000 0 0 1;
/* 5096 */ 01000000 0 0 1;
/* 5097 */ 01000000 0 0 1;
/* 5098 */ 01000000 0 0 1;
/* 5099 */ 01000000 0 0 1;
/* 5100 */ 01000000 0 0 1;
/* 5101 */ 01000000 0 0 1;
/* 5102 */ 01000000 0 0 1;
/* 5103 */ 01000000 0 0 1;
/* 5104 */ 01000000 0 0 1;
/* 5105 */ 01000000 0 0 1;
/* 5106 */ 01000000 0 0 1;
/* 5107 */ 01000000 0 0 1;
/* 5108 */ 01000000 0 0 1;
/* 5109 */ 01000000 0 0 1;
/* 5110 */ 01000000 0 0 1;
/* 5111 */ 01000100 0 0 1;
/* 5112 */ 01000000 0 0 1;
/* 5113 */ 01000000 0 0 1;
/* 5114 */ 01000000 0 0 1;
/* 5115 */ 01000000 0 0 1;
/* 5116 */ 01000000 0 0 1;
/* 5117 */ 01000000 0 0 1;
/* 5118 */ 01000000 0 0 1;
/* 5119 */ 01000000 0 0 1;
/* 5120 */ 01000000 0 0 1;
/* 5121 */ 01000000 0 0 1;
/* 5122 */ 01000000 0 0 1;
/* 5123 */ 01000000 0 0 1;
/* 5124 */ 01000000 0 0 1;
/* 5126 */ 01000000 0 0 1;
/* 5127 */ 01000000 0 0 1;
/* 5128 */ 01000000 0 0 1;
/* 5129 */ 01000000 0 0 1;
/* 5130 */ 01000000 0 0 1;
/* 5131 */ 01000000 0 0 1;
/* 5132 */ 01100000 0 0 1;
/* 5133 */ 01000000 0 0 1;
/* 5134 */ 01000000 0 0 1;
/* 5143 */ 01000000 0 0 1;
/* 5145 */ 01000000 0 0 1;
/* 5146 */ 01000000 0 0 1;
/* 5147 */ 01000000 0 0 1;
/* 5148 */ 01000000 0 0 1;
/* 5149 */ 01000000 0 0 1;
/* 5150 */ 01000000 0 0 1;
/* 5151 */ 01000000 0 0 1;
/* 5152 */ 01000000 0 0 1;
/* 5153 */ 01000000 0 0 1;
/* 5154 */ 01001000 0 0 1;
/* 5155 */ 01000000 0 0 1;
/* 5156 */ 01000000 0 0 1;
/* 5157 */ 01000000 0 0 1;
/* 5158 */ 01000000 0 0 1;
/* 5159 */ 01000000 0 0 1;
/* 5160 */ 01000000 0 0 1;
/* 5161 */ 01000000 0 0 1;
/* 5162 */ 01000000 0 0 1;
/* 5164 */ 01000000 0 0 1;
/* 5165 */ 01000000 0 1 0;
/* 5170 */ 01000000 0 0 1;
/* 5171 */ 01000000 0 0 1;
/* 5172 */ 01000000 0 0 1;
/* 5173 */ 01000000 0 0 1;
/* 5174 */ 01000000 0 0 1;
/* 5175 */ 01000000 0 0 1;
/* 5176 */ 01000000 0 1 0;
/* 5177 */ 01000010 0 1 0;
/* 5178 */ 01000000 0 1 0;
/* 5179 */ 01000000 0 1 0;
/* 5180 */ 01000000 0 1 0;
/* 5181 */ 01001000 0 1 0;
/* 5182 */ 01000000 0 1 0;
/* 5183 */ 01000000 0 1 0;
/* 5185 */ 01000000 0 1 0;
/* 5187 */ 01000000 0 1 0;
/* 5189 */ 01000000 0 1 0;
/* 5190 */ 01000000 0 1 0;
/* 5199 */ 01000000 0 1 0;
/* 5201 */ 01000000 0 0 1;
/* 5202 */ 01000000 0 0 1;
/* 5203 */ 01000000 0 0 1;
/* 5204 */ 01000000 0 0 1;
/* 5205 */ 01000000 0 0 1;
/* 5206 */ 01000000 0 0 1;
/* 5207 */ 01000000 0 0 1;
/* 5208 */ 01000000 0 0 1;
/* 5209 */ 01000000 0 0 1;
/* 5210 */ 01000000 0 0 1;
/* 5211 */ 01000000 0 0 1;
/* 5212 */ 01000000 0 0 1;
/* 5213 */ 01000000 0 0 1;
/* 5214 */ 01000000 0 0 1;
/* 5215 */ 01000000 0 0 1;
/* 5216 */ 01000000 0 0 1;
/* 5217 */ 01000000 0 0 1;
/* 5218 */ 01000000 0 0 1;
/* 5219 */ 01000000 0 0 1;
/* 5220 */ 01000000 0 0 1;
/* 5221 */ 01000000 0 0 1;
/* 5222 */ 01000000 0 0 1;
/* 5223 */ 01000000 0 0 1;
/* 5224 */ 01000000 0 0 1;
/* 5225 */ 01000000 0 0 1;
/* 5226 */ 01000001 0 0 1;
/* 5227 */ 01000000 0 0 1;
/* 5228 */ 01000000 0 0 1;
/* 5229 */ 01000000 0 0 1;
/* 5230 */ 01000000 0 0 1;
/* 5231 */ 01000000 0 0 1;
/* 5232 */ 01000000 0 0 1;
/* 5233 */ 01000000 0 0 1;
/* 5234 */ 01000000 0 0 1;
/* 5235 */ 01000000 0 0 1;
/* 5236 */ 01000000 0 0 1;
/* 5237 */ 01000000 0 0 1;
/* 5238 */ 01000000 0 0 1;
/* 5240 */ 01000000 0 0 1;
/* 5241 */ 01000000 0 0 1;
/* 5242 */ 01000000 0 0 1;
/* 5243 */ 01000000 0 0 1;
/* 5244 */ 01000000 0 0 1;
/* 5245 */ 01000000 0 0 1;
/* 5246 */ 01000000 0 0 1;
/* 5247 */ 01000000 0 0 1;
/* 5248 */ 01000000 0 0 1;
/* 5249 */ 01000000 0 0 1;
/* 5250 */ 01000000 0 0 1;
/* 5251 */ 01000000 0 0 1;
/* 5252 */ 01000000 0 0 1;
/* 5253 */ 01000000 0 0 1;
/* 5254 */ 01000000 0 0 1;
/* 5255 */ 01000000 0 0 1;
/* 5256 */ 01000000 0 0 1;
/* 5257 */ 01000000 0 0 1;
/* 5258 */ 01000000 0 0 1;
/* 5259 */ 01000000 0 0 1;
/* 5260 */ 01000000 0 0 1;
/* 5261 */ 01000000 0 0 1;
/* 5262 */ 01000000 0 0 1;
/* 5263 */ 01000000 0 0 1;
/* 5264 */ 01000000 0 0 1;
/* 5265 */ 01000000 0 0 1;
/* 5266 */ 01000000 0 0 1;
/* 5267 */ 01000000 0 0 1;
/* 5268 */ 01000000 0 0 1;
/* 5269 */ 01000000 0 0 1;
/* 5270 */ 01000000 0 0 1;
/* 5271 */ 01001000 0 0 1;
/* 5272 */ 01000000 0 0 1;
/* 5273 */ 01000000 0 0 1;
/* 5274 */ 01000000 0 0 1;
/* 5275 */ 01000000 0 0 1;
/* 5276 */ 01000000 0 0 1;
/* 5277 */ 01000000 0 0 1;
/* 5280 */ 01000000 0 0 1;
/* 5281 */ 01000000 0 0 1;
/* 5282 */ 01000000 0 0 1;
/* 5283 */ 01000000 0 0 1;
/* 5285 */ 01000000 0 1 0;
/* 5289 */ 01000000 0 0 1;
/* 5290 */ 01000000 0 0 1;
/* 5291 */ 01000000 0 0 1;
/* 5292 */ 01000000 0 0 1;
/* 5293 */ 01000000 0 0 1;
/* 5294 */ 01000000 0 0 1;
/* 5295 */ 01000000 0 0 1;
/* 5296 */ 01000000 0 0 1;
/* 5297 */ 01000000 0 0 1;
/* 5298 */ 01000000 0 0 1;
/* 5299 */ 01000000 0 0 1;
/* 5300 */ 01000000 0 0 1;
/* 5301 */ 01000000 0 0 1;
/* 5302 */ 01000000 0 0 1;
/* 5303 */ 01001000 0 0 1;
/* 5304 */ 01000000 0 0 1;
/* 5305 */ 01000000 0 0 1;
/* 5306 */ 01000000 0 0 1;
/* 5307 */ 01000000 0 0 1;
/* 5308 */ 01000000 0 0 1;
/* 5309 */ 01000000 0 0 1;
/* 5310 */ 01000000 0 0 1;
/* 5311 */ 01000000 0 0 1;
/* 5312 */ 01000000 0 0 1;
/* 5313 */ 01000000 0 0 1;
/* 5314 */ 01000000 0 0 1;
/* 5315 */ 01000000 0 0 1;
/* 5316 */ 01000000 0 0 1;
/* 5317 */ 01000000 0 0 1;
/* 5318 */ 01000000 0 0 1;
/* 5319 */ 01000000 0 0 1;
/* 5320 */ 01000000 0 0 1;
/* 5321 */ 01000000 0 0 1;
/* 5322 */ 01000000 0 0 1;
/* 5323 */ 01000000 0 0 1;
/* 5324 */ 01000000 0 0 1;
/* 5325 */ 01000000 0 0 1;
/* 5326 */ 01000000 0 0 1;
/* 5327 */ 01000000 0 0 1;
/* 5330 */ 01000000 0 0 1;
/* 5332 */ 01000000 0 0 1;
/* 5333 */ 01000000 0 0 1;
/* 5334 */ 01000000 0 0 1;
/* 5335 */ 01000000 0 0 1;
/* 5336 */ 01000000 0 0 1;
/* 5337 */ 01000000 0 0 1;
/* 5338 */ 01000000 0 0 1;
/* 5339 */ 01000000 0 0 1;
/* 5340 */ 01000000 0 0 1;
/* 5341 */ 01000000 0 0 1;
/* 5342 */ 01000000 0 0 1;
/* 5343 */ 01000000 0 0 1;
/* 5344 */ 01000000 0 0 1;
/* 5345 */ 01100000 0 0 1;
/* 5346 */ 01000000 0 0 1;
/* 5347 */ 01000000 0 0 1;
/* 5348 */ 01000000 0 0 1;
/* 5349 */ 01000000 0 0 1;
/* 5351 */ 01000000 0 0 1;
/* 5352 */ 01000000 0 0 1;
/* 5353 */ 01000000 0 0 1;
/* 5354 */ 01000000 0 0 1;
/* 5355 */ 01000000 0 0 1;
/* 5356 */ 01000000 0 0 1;
/* 5357 */ 01000000 0 0 1;
/* 5358 */ 01000000 0 0 1;
/* 5359 */ 01000000 0 0 1;
/* 5360 */ 01000000 0 0 1;
/* 5361 */ 01000000 0 0 1;
/* 5362 */ 01000000 0 0 1;
/* 5363 */ 01000000 0 0 1;
/* 5364 */ 01000000 0 0 1;
/* 5365 */ 01000000 0 0 1;
/* 5366 */ 01000000 0 0 1;
/* 5367 */ 01000000 0 0 1;
/* 5368 */ 01000000 0 0 1;
/* 5369 */ 01000000 0 0 1;
/* 5370 */ 01000000 0 0 1;
/* 5371 */ 01000000 0 0 1;
/* 5373 */ 01000000 0 0 1;
/* 5374 */ 01001000 0 0 1;
/* 5375 */ 01010000 0 0 1;
/* 5378 */ 01000000 0 0 1;
/* 5380 */ 01000000 0 0 1;
/* 5381 */ 01000000 0 0 1;
/* 5382 */ 01001000 0 0 1;
/* 5384 */ 01000000 0 0 1;
/* 5385 */ 01000000 0 0 1;
/* 5388 */ 01000000 0 0 1;
/* 5389 */ 01000000 0 0 1;
/* 5390 */ 01000000 0 0 1;
/* 5391 */ 01000000 0 0 1;
/* 5393 */ 01100000 0 0 1;
/* 5395 */ 01000000 0 0 1;
/* 5396 */ 01000000 0 0 1;
/* 5401 */ 00100000 0 0 1;
/* 5402 */ 00100000 0 0 1;
/* 5403 */ 00100000 0 0 1;
/* 5404 */ 00100000 0 0 1;
/* 5405 */ 00100000 0 0 1;
/* 5406 */ 00100100 0 0 1;
/* 5407 */ 00100000 0 0 1;
/* 5408 */ 00100000 0 0 1;
/* 5409 */ 00100000 0 0 1;
/* 5410 */ 00100000 0 0 1;
/* 5411 */ 00100000 0 0 1;
/* 5412 */ 00100000 0 0 1;
/* 5413 */ 00100000 0 0 1;
/* 5414 */ 00100000 0 0 1;
/* 5415 */ 00100000 0 0 1;
/* 5416 */ 00100000 0 0 1;
/* 5417 */ 00100000 0 0 1;
/* 5418 */ 00100000 0 0 1;
/* 5419 */ 00100000 0 0 1;
/* 5420 */ 00100000 0 0 1;
/* 5421 */ 00100000 0 0 1;
/* 5422 */ 00100000 0 0 1;
/* 5450 */ 00100000 0 1 0;
/* 5456 */ 00101000 0 0 1;
/* 5457 */ 00100000 0 0 1;
/* 5458 */ 00100000 0 0 1;
/* 5459 */ 00100000 0 0 1;
/* 5460 */ 00100000 0 0 1;
/* 5462 */ 00100000 0 0 1;
/* 5463 */ 00100000 0 0 1;
/* 5464 */ 00100000 0 0 1;
/* 5465 */ 00100000 0 0 1;
/* 5466 */ 00100000 0 0 1;
/* 5467 */ 00100000 0 0 1;
/* 5469 */ 00100000 0 0 1;
/* 5471 */ 00100000 0 0 1;
/* 5472 */ 00100000 0 0 1;
/* 5473 */ 00100000 0 0 1;
/* 5474 */ 00100000 0 0 1;
/* 5475 */ 00100000 0 0 1;
/* 5476 */ 01000000 0 0 1;
/* 5477 */ 01000000 0 0 1;
/* 5478 */ 01000000 0 0 1;
/* 5479 */ 00100000 0 0 1;
/* 5480 */ 01000000 0 0 1;
/* 5481 */ 01000000 0 0 1;
/* 5482 */ 00100000 0 0 1;
/* 5483 */ 00100000 0 0 1;
/* 5484 */ 00100000 0 0 1;
/* 5485 */ 00100000 0 0 1;
/* 5488 */ 00100000 0 0 1;
/* 5490 */ 00100000 0 0 1;
/* 5491 */ 00100000 0 0 1;
/* 5492 */ 00100000 0 0 1;
/* 5493 */ 00100000 0 0 1;
/* 5494 */ 00100000 0 0 1;
/* 5495 */ 00100000 0 0 1;
/* 5497 */ 00100000 0 0 1;
/* 5499 */ 00100000 0 0 1;
/* 5500 */ 00100000 0 0 1;
/* 5513 */ 00100000 0 0 1;
/* 5534 */ 00100000 0 1 0;
/* 5547 */ 00100000 0 1 0;
/* 5549 */ 00100000 0 1 0;
/* 5556 */ 00100000 0 1 0;
/* 5565 */ 00100000 0 1 0;
/* 5567 */ 00100000 0 1 0;
/* 5568 */ 00100000 0 1 0;
/* 5576 */ 00100000 0 1 0;
/* 5579 */ 00100000 0 1 0;
/* 5583 */ 00100001 0 1 0;
/* 5584 */ 00100000 0 1 0;
/* 5585 */ 00100000 0 1 0;
/* 5586 */ 00100000 0 1 0;
/* 5588 */ 00100100 0 1 0;
/* 5589 */ 00100000 0 1 0;
/* 5592 */ 00100000 0 1 0;
/* 5594 */ 00100000 0 1 0;
/* 5595 */ 00100000 0 0 1;
/* 5597 */ 00100100 0 0 1;
/* 5601 */ 00100000 0 1 0;
/* 5603 */ 00100000 0 1 0;
/* 5604 */ 00100000 0 1 0;
/* 5627 */ 00100000 0 1 0;
/* 5651 */ 00100000 0 0 1;
/* 5652 */ 00100000 0 0 1;
/* 5653 */ 00100000 0 0 1;
/* 5654 */ 00100000 0 0 1;
/* 5655 */ 00100000 0 0 1;
/* 5656 */ 00100000 0 0 1;
/* 5657 */ 00100000 0 0 1;
/* 5658 */ 00100000 0 0 1;
/* 5665 */ 00100000 0 0 1;
/* 5666 */ 00100000 0 0 1;
/* 5677 */ 00100000 0 0 1;
/* 5714 */ 00100000 0 0 1;
/* 5715 */ 00100000 0 0 1;
/* 5716 */ 00100000 0 0 1;
/* 5717 */ 00100000 0 0 1;
/* 5719 */ 00100000 0 0 1;
/* 5737 */ 00100000 0 0 1;
/* 5751 */ 00100000 0 0 1;
/* 5753 */ 00101000 0 0 1;
/* 5754 */ 00100000 0 0 1;
/* 5755 */ 00100000 0 0 1;
/* 5756 */ 00100100 0 0 1;
/* 5757 */ 00100100 0 0 1;
/* 5763 */ 00100000 0 0 1;
/* 5805 */ 00100000 0 0 1;
/* 5809 */ 00100000 0 0 1;
/* 5812 */ 00101000 0 0 1;
/* 5813 */ 00100000 0 0 1;
/* 5815 */ 00100000 0 0 1;
/* 5816 */ 00100000 0 0 1;
/* 5817 */ 00100000 0 0 1;
/* 5819 */ 00100000 0 0 1;
/* 5825 */ 00100000 0 0 1;
/* 5827 */ 00100000 0 0 1;
/* 5828 */ 00100000 0 0 1;
/* 5829 */ 00100000 0 0 1;
/* 5830 */ 00100000 0 0 1;
/* 5831 */ 00100000 0 0 1;
/* 5832 */ 00100000 0 0 1;
/* 5836 */ 00100000 0 0 1;
/* 5838 */ 00100000 0 0 1;
/* 5839 */ 00100000 0 0 1;
/* 5840 */ 00100000 0 0 1;
/* 5842 */ 00100000 0 0 1;
/* 5849 */ 00100000 0 0 1;
/* 5851 */ 00100000 0 0 1;
/* 5852 */ 00100000 0 0 1;
/* 5853 */ 00100000 0 0 1;
/* 5854 */ 00100000 0 0 1;
/* 5855 */ 00100000 0 0 1;
/* 5856 */ 00100000 0 0 1;
/* 5860 */ 00100000 0 0 1;
/* 5861 */ 00100000 0 0 1;
/* 5868 */ 00100000 0 0 1;
/* 5869 */ 00100000 0 0 1;
/* 5873 */ 00100000 0 0 1;
/* 5887 */ 00100000 0 0 1;
/* 5891 */ 00100000 0 0 1;
/* 5924 */ 00100000 0 0 1;
/* 5944 */ 00100000 0 0 1;
/* 5962 */ 00100000 0 0 1;
/* 5963 */ 00100000 0 0 1;
/* 6024 */ 00100000 0 0 1;
/* 6067 */ 00100000 0 0 1;
/* 6100 */ 00100000 0 0 1;
/* 6101 */ 00100000 0 0 1;
/* 6110 */ 00100000 0 0 1;
/* 6111 */ 00100000 0 0 1;
/* 6118 */ 00100000 0 0 1;
/* 6119 */ 00100000 0 0 1;
/* 6126 */ 00101000 0 0 1;
/* 6158 */ 00100000 0 0 1;
/* 6161 */ 00100000 0 0 1;
/* 6162 */ 00100000 0 0 1;
/* 6164 */ 00100000 0 0 1;
/* 6201 */ 00100000 0 0 1;
/* 6202 */ 00100000 0 0 1;
/* 6205 */ 00100000 0 0 1;
/* 6208 */ 00100000 0 0 1;
/* 6209 */ 00100000 0 0 1;
/* 6211 */ 00100000 0 0 1;
/* 6218 */ 00100000 0 0 1;
/* 6220 */ 00100000 0 0 1;
/* 6221 */ 00100000 0 0 1;
/* 6222 */ 00100000 0 0 1;
/* 6225 */ 00100000 0 0 1;
/* 6228 */ 00100000 0 0 1;
/* 6231 */ 00100000 0 0 1;
/* 6238 */ 00100000 0 0 1;
/* 6241 */ 00100000 0 0 1;
/* 6242 */ 00100000 0 0 1;
/* 6244 */ 00100000 0 0 1;
/* 6272 */ 00100000 0 0 1;
/* 6273 */ 00100000 0 0 1;
/* 6275 */ 00100000 0 0 1;
/* 6278 */ 00100000 0 0 1;
/* 6285 */ 00100000 0 0 1;
/* 6300 */ 00100000 0 0 1;
/* 6311 */ 00100000 0 1 0;
/* 6321 */ 00100000 0 0 1;
/* 6401 */ 00100000 0 1 0;
/* 6402 */ 00100000 0 1 0;
/* 6412 */ 00100000 0 1 0;
/* 6413 */ 00100000 0 1 0;
/* 6432 */ 00100000 0 1 0;
/* 6437 */ 00100100 0 1 0;
/* 6438 */ 00100000 0 1 0;
/* 6439 */ 00100000 0 1 0;
/* 6443 */ 00100000 0 1 0;
/* 6456 */ 00100000 0 1 0;
/* 6457 */ 00100010 0 1 0;
/* 6458 */ 00100000 0 1 0;
/* 6459 */ 00100000 0 1 0;
/* 6487 */ 00100000 0 0 1;
/* 6503 */ 00100000 0 0 1;
/* 6505 */ 00100000 0 0 1;
/* 6558 */ 00100000 0 0 1;
/* 6562 */ 00100000 0 0 1;
/* 6567 */ 00100100 0 0 1;
/* 6581 */ 00100000 0 0 1;
/* 6584 */ 00100000 0 0 1;
/* 6601 */ 00010000 0 0 1;
/* 6607 */ 00010000 0 0 1;
/* 6608 */ 00010000 0 0 1;
/* 6610 */ 00010000 0 0 1;
/* 6611 */ 00010000 0 0 1;
/* 6612 */ 00010000 0 0 1;
/* 6613 */ 00010000 0 0 1;
/* 6614 */ 00010100 0 0 1;
/* 6615 */ 00010000 0 0 1;
/* 6617 */ 00010000 0 0 1;
/* 6618 */ 00010000 0 0 1;
/* 6621 */ 00010000 0 0 1;
/* 6622 */ 00010000 0 0 1;
/* 6626 */ 00100000 0 0 1;
/* 6630 */ 00100000 0 0 1;
/* 6632 */ 00100000 0 0 1;
/* 6635 */ 00010000 0 0 1;
/* 6637 */ 00010000 0 0 1;
/* 6638 */ 00010000 0 0 1;
/* 6640 */ 00010000 0 0 1;
/* 6641 */ 00010000 0 0 1;
/* 6643 */ 00010000 0 0 1;
/* 6646 */ 00010000 0 0 1;
/* 6647 */ 00010000 0 0 1;
/* 6649 */ 00010000 0 0 1;
/* 6655 */ 00010000 0 0 1;
/* 6666 */ 00010000 0 0 1;
/* 6682 */ 00010000 0 0 1;
/* 6698 */ 00010000 0 0 1;
/* 6806 */ 00010000 0 1 0;
/* 6811 */ 00010000 0 1 0;
/* 6993 */ 00010000 0 0 1;
/* 7001 */ 00010000 0 0 1;
/* 7015 */ 00010000 0 0 1;
