ch
1000
1001
1000
1010
1000
1000
1100
1000
1010
1010
1100
1000
1010
1010
1010
1010
1000
1100
1100
1000
1000
1010
1100
1010
1000
1000
1100
1010
1000
1000
1000
1000
1111
1010
1000
1000
1010
1000
1010
1000
1110
1000
1000
1000
1100
1001
1000
1000
1001
1100
1100
1000
1000
1010
1000
1000
1000
1010
1000
1100
1101
1000
1000
1000
1010
1000
1000
1000
1000
1110
1000
1000
1000
1000
1000
1100
1011
1000
1000
1010
1000
1100
1000
1010
1000
1000
1000
1000
1000
1000
1000
1000
1000
1000
1000
1100
1000
1000
1001
1000
1000
1100
1000
1010
1010
1000
1010
1000
1000
1000
1100
1010
1010
1000
1000
1000
1100
1000
1000
1000
1000
1000
1000
1011
1000
1000
1000
1110
1000
1000
1000
1100
1000
1000
1100
1000
1000
1000
1000
1000
1100
1000
1000
1010
1000
1000
1110
1111
1000
1000
