  1 0 0 0 0 0 0 1 
  2 0 0 0 0 0 0 1        
  3 1 0 1 1 0 1 1
  4 1 1 1 1 0 1 1
  5 1 0 0 0 0 0 0
  6 0 0 0 0 0 0 1
  7 1 0 0 0 0 1 1
  8 1 1 1 1 0 1 1
  9 1 0 1 1 0 0 1
 10 1 0 1 1 0 1 1
 11 0 0 0 0 0 0 1
 12 0 0 0 0 0 1 0
 13 1 1 1 1 1 1 1
 14 1 0 1 1 0 1 1
 15 1 1 1 1 1 1 1
 16 1 0 1 0 0 1 0
 17 1 1 1 1 0 0 1
 18 1 1 1 1 1 1 1
 19 0 0 0 0 0 1 1
 20 1 1 1 1 0 1 1
 21 1 0 1 1 1 1 1 
 22 1 0 1 1 0 1 1
 23 1 0 0 0 1 0 0
 24 1 1 1 1 0 1 1
 25 1 0 1 1 0 1 1
 26 1 0 1 1 0 1 1
 27 1 0 1 0 0 1 0
 28 1 0 1 1 1 1 0
 29 0 0 0 1 0 1 1
 30 1 1 1 1 0 1 0
 31 1 1 1 1 0 1 1
 32 1 0 1 1 0 1 0
 33 1 0 1 0 0 1 1
 34 1 0 0 0 0 1 1
 35 1 1 1 1 1 1 1
 36 1 0 1 0 0 1 1
 37 1 1 1 1 0 1 1
 38 1 1 0 1 0 1 1
 39 1 0 0 0 0 0 0
 40 1 0 0 0 0 0 0
 41 0 0 0 1 0 1 1 
 42 1 0 0 0 0 0 0
 43 0 0 0 1 0 1 1
 44 0 1 0 0 0 1 1
 45 0 1 1 1 0 1 1
 46 0 1 1 0 0 0 0
 47 0 0 1 0 0 0 0
 48 0 1 1 1 0 1 1
 49 0 0 1 0 0 0 0
 50 0 0 1 1 0 0 1
 51 0 0 1 0 0 1 1
 52 0 0 0 0 0 0 1
 53 1 0 0 0 0 0 0 
 54 0 0 0 0 0 0 1
 55 1 0 1 0 0 0 1
 56 1 1 1 1 0 1 1
 57 1 0 0 0 0 0 0
 58 0 0 0 0 0 0 1
 59 0 0 0 0 0 0 1
 60 1 0 0 0 0 0 0
 61 0 0 0 0 0 0 1 
 62 1 0 0 0 0 0 0
 63 1 0 0 1 0 0 1
 64 1 0 0 0 0 0 1
 65 0 0 0 0 0 0 1
 66 1 0 0 0 0 0 0
 67 1 1 0 0 0 0 0
 68 0 0 0 0 0 0 1
 69 0 0 0 0 0 0 1
 70 0 0 0 0 0 0 1
 71 1 0 0 0 0 0 0
 72 1 1 1 1 0 1 1
 73 1 0 0 1 1 1 1
 74 1 0 0 0 0 0 0
 75 1 0 0 0 0 0 0
 76 0 0 0 0 0 0 1
 77 1 0 1 1 0 1 0
 78 1 0 0 0 1 0 1
 79 1 1 0 0 1 1 1
 80 1 1 1 1 0 0 1
 81 0 0 0 0 0 0 1
 82 1 0 0 0 0 1 1
 83 1 0 0 1 1 1 0
 84 1 1 1 1 1 1 1
 85 0 0 0 0 0 1 0 
 86 1 0 1 1 0 1 1
 87 1 1 1 1 1 1 1 
 88 1 0 1 0 0 0 1 
 89 0 0 0 0 0 1 0
 90 1 1 1 1 0 1 1
 91 1 0 0 0 0 0 0
 92 1 1 0 0 0 0 0
 93 1 1 1 1 0 0 1 
 94 0 0 0 0 0 1 0
 95 1 0 1 0 0 0 0 
 96 1 1 1 1 0 0 1 
 97 1 0 0 0 0 0 0 
 98 1 1 1 1 0 1 1 
 99 1 1 1 1 1 1 1 
100 0 0 0 0 1 1 1
101 1 1 1 0 1 1 1 
102 1 0 0 0 0 0 1
103 1 0 0 1 0 1 0 
104 1 1 0 0 0 0 0 
105 1 0 1 1 0 0 0 
106 1 0 0 0 0 1 1 
107 0 0 0 1 0 0 0
108 1 0 0 0 0 0 0
109 1 0 0 1 0 0 1
110 1 0 0 0 0 0 0
111 1 0 0 0 0 0 0
112 1 0 1 0 0 0 1
113 1 1 0 1 1 1 1
114 0 0 0 1 0 1 1
115 0 0 1 0 0 0 0
116 1 0 0 0 0 0 0 
117 1 0 1 1 0 1 1
118 1 1 1 1 1 1 1
119 1 0 1 0 0 1 1 
120 1 0 0 0 0 0 0
121 0 1 0 0 0 0 0
122 0 1 0 1 0 0 1
123 0 1 0 0 0 0 0
124 0 1 0 1 1 1 1
125 0 1 1 1 0 1 0 
126 0 1 0 0 0 0 1
127 0 1 0 0 0 0 0 
128 0 0 1 0 0 0 0 
129 0 0 1 0 0 0 1
130 0 0 1 0 0 1 1
131 0 0 1 0 0 0 0
132 0 0 1 0 0 0 0
133 1 1 0 0 0 0 0 
134 1 0 0 0 0 0 0
135 1 1 1 0 0 0 1
136 1 0 0 0 0 0 0
137 0 0 0 0 0 0 1 
138 0 0 0 0 0 0 1 
139 1 1 1 1 0 0 1
140 1 0 1 1 0 1 1 
141 0 0 0 0 0 0 1 
142 1 0 1 0 0 1 1 
143 1 0 0 1 0 0 1 
144 1 0 1 0 0 0 0
145 1 1 0 1 0 0 1
146 1 0 0 1 0 0 1
147 1 0 0 0 0 0 0  
148 1 0 0 1 0 1 1
149 1 1 1 1 1 1 1
150 1 0 0 1 0 1 1 
151 0 0 0 0 0 0 1
152 1 0 1 1 0 1 1 
153 0 0 0 0 0 0 1 
154 1 0 0 0 0 0 1
155 1 0 1 1 0 1 1
156 1 1 1 0 0 0 1 
157 0 0 0 0 0 1 1
158 1 0 0 0 0 1 0
159 1 1 1 1 0 1 1
160 1 0 0 1 0 0 1 
161 1 1 1 0 0 0 1
162 1 0 0 0 0 1 1
163 1 0 0 1 0 1 1
164 0 1 0 1 0 1 1
165 0 1 0 1 0 1 1
166 0 1 0 0 0 0 1
167 0 0 1 0 0 0 1
168 0 0 0 1 0 0 1 
